Domain, Vposmag, PriVposmag, PriIposmag, Iposmag,,Domain, Signal, Signal1, Signal2
1.95,7.324789557,39.74465702,0.095584048,0.530234173,,1.94988,0,0,0
1.95012,7.324789557,39.74465702,0.095584048,0.530234173,,1.95,0,0,0
1.95024,7.324789557,39.74465702,0.095584048,0.530234173,,1.95012,0,0,0
1.95036,7.324789557,39.74465702,0.095584048,0.530234173,,1.95024,0,0,0
1.95048,7.324789557,39.74465702,0.095584048,0.530234173,,1.95036,0,0,0
1.9506,7.324789557,39.74465702,0.095584048,0.530234173,,1.95048,0,0,0
1.95072,7.324789557,39.74465702,0.095584048,0.530234173,,1.9506,0,0,0
1.95084,7.324789557,39.74465702,0.095584048,0.530234173,,1.95072,0,0,0
1.95096,7.324789557,39.74465702,0.095584048,0.530234173,,1.95084,0,0,0
1.95108,7.324846581,39.74465536,0.095585553,0.530242446,,1.95096,0,0,0
1.9512,7.324846581,39.74465536,0.095585553,0.530242446,,1.95108,0,0,0
1.95132,7.324846581,39.74465536,0.095585553,0.530242446,,1.9512,0,0,0
1.95144,7.324846581,39.74465536,0.095585553,0.530242446,,1.95132,0,0,0
1.95156,7.324846581,39.74465536,0.095585553,0.530242446,,1.95144,0,0,0
1.95168,7.324846581,39.74465536,0.095585553,0.530242446,,1.95156,0,0,0
1.9518,7.324846581,39.74465536,0.095585553,0.530242446,,1.95168,0,0,0
1.95192,7.324846581,39.74465536,0.095585553,0.530242446,,1.9518,0,0,0
1.95204,7.324846581,39.74465536,0.095585553,0.530242446,,1.95192,0,0,0
1.95216,7.324873887,39.74465756,0.095583581,0.53023157,,1.95204,0,0,0
1.95228,7.324873887,39.74465756,0.095583581,0.53023157,,1.95216,0,0,0
1.9524,7.324873887,39.74465756,0.095583581,0.53023157,,1.95228,0,0,0
1.95252,7.324873887,39.74465756,0.095583581,0.53023157,,1.9524,0,0,0
1.95264,7.324873887,39.74465756,0.095583581,0.53023157,,1.95252,0,0,0
1.95276,7.324873887,39.74465756,0.095583581,0.53023157,,1.95264,0,0,0
1.95288,7.324873887,39.74465756,0.095583581,0.53023157,,1.95276,0,0,0
1.953,7.324873887,39.74465756,0.095583581,0.53023157,,1.95288,0,0,0
1.95312,7.324873887,39.74465756,0.095583581,0.53023157,,1.953,0,0,0
1.95324,7.324859144,39.74465904,0.095582975,0.530228357,,1.95312,0,0,0
1.95336,7.324859144,39.74465904,0.095582975,0.530228357,,1.95324,0,0,0
1.95348,7.324859144,39.74465904,0.095582975,0.530228357,,1.95336,0,0,0
1.9536,7.324859144,39.74465904,0.095582975,0.530228357,,1.95348,0,0,0
1.95372,7.324859144,39.74465904,0.095582975,0.530228357,,1.9536,0,0,0
1.95384,7.324859144,39.74465904,0.095582975,0.530228357,,1.95372,0,0,0
1.95396,7.324859144,39.74465904,0.095582975,0.530228357,,1.95384,0,0,0
1.95408,7.324859144,39.74465904,0.095582975,0.530228357,,1.95396,0,0,0
1.9542,7.324815697,39.74465698,0.095585454,0.530242128,,1.95408,0,0,0
1.95432,7.324815697,39.74465698,0.095585454,0.530242128,,1.9542,0,0,0
1.95444,7.324815697,39.74465698,0.095585454,0.530242128,,1.95432,0,0,0
1.95456,7.324815697,39.74465698,0.095585454,0.530242128,,1.95444,0,0,0
1.95468,7.324815697,39.74465698,0.095585454,0.530242128,,1.95456,0,0,0
1.9548,7.324815697,39.74465698,0.095585454,0.530242128,,1.95468,0,0,0
1.95492,7.324815697,39.74465698,0.095585454,0.530242128,,1.9548,0,0,0
1.95504,7.324815697,39.74465698,0.095585454,0.530242128,,1.95492,0,0,0
1.95516,7.324815697,39.74465698,0.095585454,0.530242128,,1.95504,0,0,0
1.95528,7.324850576,39.74465482,0.095586316,0.530246653,,1.95516,0,0,0
1.9554,7.324850576,39.74465482,0.095586316,0.530246653,,1.95528,0,0,0
1.95552,7.324850576,39.74465482,0.095586316,0.530246653,,1.9554,0,0,0
1.95564,7.324850576,39.74465482,0.095586316,0.530246653,,1.95552,0,0,0
1.95576,7.324850576,39.74465482,0.095586316,0.530246653,,1.95564,0,0,0
1.95588,7.324850576,39.74465482,0.095586316,0.530246653,,1.95576,0,0,0
1.956,7.324850576,39.74465482,0.095586316,0.530246653,,1.95588,0,0,0
1.95612,7.324850576,39.74465482,0.095586316,0.530246653,,1.956,0,0,0
1.95624,7.324850576,39.74465482,0.095586316,0.530246653,,1.95612,0,0,0
1.95636,7.324872068,39.74465835,0.095582099,0.530223205,,1.95624,0,0,0
1.95648,7.324872068,39.74465835,0.095582099,0.530223205,,1.95636,0,0,0
1.9566,7.324872068,39.74465835,0.095582099,0.530223205,,1.95648,0,0,0
1.95672,7.324872068,39.74465835,0.095582099,0.530223205,,1.9566,0,0,0
1.95684,7.324872068,39.74465835,0.095582099,0.530223205,,1.95672,0,0,0
1.95696,7.324872068,39.74465835,0.095582099,0.530223205,,1.95684,0,0,0
1.95708,7.324872068,39.74465835,0.095582099,0.530223205,,1.95696,0,0,0
1.9572,7.324872068,39.74465835,0.095582099,0.530223205,,1.95708,0,0,0
1.95732,7.324799304,39.74465895,0.095581834,0.53022182,,1.9572,0,0,0
1.95744,7.324799304,39.74465895,0.095581834,0.53022182,,1.95732,0,0,0
1.95756,7.324799304,39.74465895,0.095581834,0.53022182,,1.95744,0,0,0
1.95768,7.324799304,39.74465895,0.095581834,0.53022182,,1.95756,0,0,0
1.9578,7.324799304,39.74465895,0.095581834,0.53022182,,1.95768,0,0,0
1.95792,7.324799304,39.74465895,0.095581834,0.53022182,,1.9578,0,0,0
1.95804,7.324799304,39.74465895,0.095581834,0.53022182,,1.95792,0,0,0
1.95816,7.324799304,39.74465895,0.095581834,0.53022182,,1.95804,0,0,0
1.95828,7.324799304,39.74465895,0.095581834,0.53022182,,1.95816,0,0,0
1.9584,7.324777826,39.74465507,0.095585682,0.530243098,,1.95828,0,0,0
1.95852,7.324777826,39.74465507,0.095585682,0.530243098,,1.9584,0,0,0
1.95864,7.324777826,39.74465507,0.095585682,0.530243098,,1.95852,0,0,0
1.95876,7.324777826,39.74465507,0.095585682,0.530243098,,1.95864,0,0,0
1.95888,7.324777826,39.74465507,0.095585682,0.530243098,,1.95876,0,0,0
1.959,7.324777826,39.74465507,0.095585682,0.530243098,,1.95888,0,0,0
1.95912,7.324777826,39.74465507,0.095585682,0.530243098,,1.959,0,0,0
1.95924,7.324777826,39.74465507,0.095585682,0.530243098,,1.95912,0,0,0
1.95936,7.324777826,39.74465507,0.095585682,0.530243098,,1.95924,0,0,0
1.95948,7.324836638,39.74465286,0.095587703,0.53025426,,1.95936,0,0,0
1.9596,7.324836638,39.74465286,0.095587703,0.53025426,,1.95948,0,0,0
1.95972,7.324836638,39.74465286,0.095587703,0.53025426,,1.9596,0,0,0
1.95984,7.324836638,39.74465286,0.095587703,0.53025426,,1.95972,0,0,0
1.95996,7.324836638,39.74465286,0.095587703,0.53025426,,1.95984,0,0,0
1.96008,7.324836638,39.74465286,0.095587703,0.53025426,,1.95996,0,0,0
1.9602,7.324836638,39.74465286,0.095587703,0.53025426,,1.96008,0,0,0
1.96032,7.324836638,39.74465286,0.095587703,0.53025426,,1.9602,0,0,0
1.96044,7.32486946,39.74465508,0.095585651,0.530242967,,1.96032,0,0,0
1.96056,7.32486946,39.74465508,0.095585651,0.530242967,,1.96044,0,0,0
1.96068,7.32486946,39.74465508,0.095585651,0.530242967,,1.96056,0,0,0
1.9608,7.32486946,39.74465508,0.095585651,0.530242967,,1.96068,0,0,0
1.96092,7.32486946,39.74465508,0.095585651,0.530242967,,1.9608,0,0,0
1.96104,7.32486946,39.74465508,0.095585651,0.530242967,,1.96092,0,0,0
1.96116,7.32486946,39.74465508,0.095585651,0.530242967,,1.96104,0,0,0
1.96128,7.32486946,39.74465508,0.095585651,0.530242967,,1.96116,0,0,0
1.9614,7.32486946,39.74465508,0.095585651,0.530242967,,1.96128,0,0,0
1.96152,7.324851886,39.74465659,0.09558491,0.530239031,,1.9614,0,0,0
1.96164,7.324851886,39.74465659,0.09558491,0.530239031,,1.96152,0,0,0
1.96176,7.324851886,39.74465659,0.09558491,0.530239031,,1.96164,0,0,0
1.96188,7.324851886,39.74465659,0.09558491,0.530239031,,1.96176,0,0,0
1.962,7.324851886,39.74465659,0.09558491,0.530239031,,1.96188,0,0,0
1.96212,7.324851886,39.74465659,0.09558491,0.530239031,,1.962,0,0,0
1.96224,7.324851886,39.74465659,0.09558491,0.530239031,,1.96212,0,0,0
1.96236,7.324851886,39.74465659,0.09558491,0.530239031,,1.96224,0,0,0
1.96248,7.324851886,39.74465659,0.09558491,0.530239031,,1.96236,0,0,0
1.9626,7.324818566,39.74465504,0.095586994,0.530250661,,1.96248,0,0,0
1.96272,7.324818566,39.74465504,0.095586994,0.530250661,,1.9626,0,0,0
1.96284,7.324818566,39.74465504,0.095586994,0.530250661,,1.96272,0,0,0
1.96296,7.324818566,39.74465504,0.095586994,0.530250661,,1.96284,0,0,0
1.96308,7.324818566,39.74465504,0.095586994,0.530250661,,1.96296,0,0,0
1.9632,7.324818566,39.74465504,0.095586994,0.530250661,,1.96308,0,0,0
1.96332,7.324818566,39.74465504,0.095586994,0.530250661,,1.9632,0,0,0
1.96344,7.324818566,39.74465504,0.095586994,0.530250661,,1.96332,0,0,0
1.96356,7.324845224,39.74465305,0.095587923,0.53025561,,1.96344,0,0,0
1.96368,7.324845224,39.74465305,0.095587923,0.53025561,,1.96356,0,0,0
1.9638,7.324845224,39.74465305,0.095587923,0.53025561,,1.96368,0,0,0
1.96392,7.324845224,39.74465305,0.095587923,0.53025561,,1.9638,0,0,0
1.96404,7.324845224,39.74465305,0.095587923,0.53025561,,1.96392,0,0,0
1.96416,7.324845224,39.74465305,0.095587923,0.53025561,,1.96404,0,0,0
1.96428,7.324845224,39.74465305,0.095587923,0.53025561,,1.96416,0,0,0
1.9644,7.324845224,39.74465305,0.095587923,0.53025561,,1.96428,0,0,0
1.96452,7.324845224,39.74465305,0.095587923,0.53025561,,1.9644,0,0,0
1.96464,7.324876624,39.74465661,0.095583593,0.530231524,,1.96452,0,0,0
1.96476,7.324876624,39.74465661,0.095583593,0.530231524,,1.96464,0,0,0
1.96488,7.324876624,39.74465661,0.095583593,0.530231524,,1.96476,0,0,0
1.965,7.324876624,39.74465661,0.095583593,0.530231524,,1.96488,0,0,0
1.96512,7.324876624,39.74465661,0.095583593,0.530231524,,1.965,0,0,0
1.96524,7.324876624,39.74465661,0.095583593,0.530231524,,1.96512,0,0,0
1.96536,7.324876624,39.74465661,0.095583593,0.530231524,,1.96524,0,0,0
1.96548,7.324876624,39.74465661,0.095583593,0.530231524,,1.96536,0,0,0
1.9656,7.324876624,39.74465661,0.095583593,0.530231524,,1.96548,0,0,0
1.96572,7.324803235,39.74465796,0.095582702,0.530226671,,1.9656,0,0,0
1.96584,7.324803235,39.74465796,0.095582702,0.530226671,,1.96572,0,0,0
1.96596,7.324803235,39.74465796,0.095582702,0.530226671,,1.96584,0,0,0
1.96608,7.324803235,39.74465796,0.095582702,0.530226671,,1.96596,0,0,0
1.9662,7.324803235,39.74465796,0.095582702,0.530226671,,1.96608,0,0,0
1.96632,7.324803235,39.74465796,0.095582702,0.530226671,,1.9662,0,0,0
1.96644,7.324803235,39.74465796,0.095582702,0.530226671,,1.96632,0,0,0
1.96656,7.324803235,39.74465796,0.095582702,0.530226671,,1.96644,0,0,0
1.96668,7.324768968,39.74465381,0.095586969,0.53025027,,1.96656,0,0,0
1.9668,7.324768968,39.74465381,0.095586969,0.53025027,,1.96668,0,0,0
1.96692,7.324768968,39.74465381,0.095586969,0.53025027,,1.9668,0,0,0
1.96704,7.324768968,39.74465381,0.095586969,0.53025027,,1.96692,0,0,0
1.96716,7.324768968,39.74465381,0.095586969,0.53025027,,1.96704,0,0,0
1.96728,7.324768968,39.74465381,0.095586969,0.53025027,,1.96716,0,0,0
1.9674,7.324768968,39.74465381,0.095586969,0.53025027,,1.96728,0,0,0
1.96752,7.324768968,39.74465381,0.095586969,0.53025027,,1.9674,0,0,0
1.96764,7.324768968,39.74465381,0.095586969,0.53025027,,1.96752,0,0,0
1.96776,7.32482832,39.74465058,0.095590054,0.53026728,,1.96764,0,0,0
1.96788,7.32482832,39.74465058,0.095590054,0.53026728,,1.96776,0,0,0
1.968,7.32482832,39.74465058,0.095590054,0.53026728,,1.96788,0,0,0
1.96812,7.32482832,39.74465058,0.095590054,0.53026728,,1.968,0,0,0
1.96824,7.32482832,39.74465058,0.095590054,0.53026728,,1.96812,0,0,0
1.96836,7.32482832,39.74465058,0.095590054,0.53026728,,1.96824,0,0,0
1.96848,7.32482832,39.74465058,0.095590054,0.53026728,,1.96836,0,0,0
1.9686,7.32482832,39.74465058,0.095590054,0.53026728,,1.96848,0,0,0
1.96872,7.32482832,39.74465058,0.095590054,0.53026728,,1.9686,0,0,0
1.96884,7.324869637,39.74465234,0.095588443,0.53025838,,1.96872,0,0,0
1.96896,7.324869637,39.74465234,0.095588443,0.53025838,,1.96884,0,0,0
1.96908,7.324869637,39.74465234,0.095588443,0.53025838,,1.96896,0,0,0
1.9692,7.324869637,39.74465234,0.095588443,0.53025838,,1.96908,0,0,0
1.96932,7.324869637,39.74465234,0.095588443,0.53025838,,1.9692,0,0,0
1.96944,7.324869637,39.74465234,0.095588443,0.53025838,,1.96932,0,0,0
1.96956,7.324869637,39.74465234,0.095588443,0.53025838,,1.96944,0,0,0
1.96968,7.324869637,39.74465234,0.095588443,0.53025838,,1.96956,0,0,0
1.9698,7.324846875,39.74465347,0.095587986,0.530255961,,1.96968,0,0,0
1.96992,7.324846875,39.74465347,0.095587986,0.530255961,,1.9698,0,0,0
1.97004,7.324846875,39.74465347,0.095587986,0.530255961,,1.96992,0,0,0
1.97016,7.324846875,39.74465347,0.095587986,0.530255961,,1.97004,0,0,0
1.97028,7.324846875,39.74465347,0.095587986,0.530255961,,1.97016,0,0,0
1.9704,7.324846875,39.74465347,0.095587986,0.530255961,,1.97028,0,0,0
1.97052,7.324846875,39.74465347,0.095587986,0.530255961,,1.9704,0,0,0
1.97064,7.324846875,39.74465347,0.095587986,0.530255961,,1.97052,0,0,0
1.97076,7.324846875,39.74465347,0.095587986,0.530255961,,1.97064,0,0,0
1.97088,7.324823702,39.74465184,0.095590076,0.530267591,,1.97076,0,0,0
1.971,7.324823702,39.74465184,0.095590076,0.530267591,,1.97088,0,0,0
1.97112,7.324823702,39.74465184,0.095590076,0.530267591,,1.971,0,0,0
1.97124,7.324823702,39.74465184,0.095590076,0.530267591,,1.97112,0,0,0
1.97136,7.324823702,39.74465184,0.095590076,0.530267591,,1.97124,0,0,0
1.97148,7.324823702,39.74465184,0.095590076,0.530267591,,1.97136,0,0,0
1.9716,7.324823702,39.74465184,0.095590076,0.530267591,,1.97148,0,0,0
1.97172,7.324823702,39.74465184,0.095590076,0.530267591,,1.9716,0,0,0
1.97184,7.324823702,39.74465184,0.095590076,0.530267591,,1.97172,0,0,0
1.97196,7.324844206,39.74464994,0.09559109,0.530273021,,1.97184,0,0,0
1.97208,7.324844206,39.74464994,0.09559109,0.530273021,,1.97196,0,0,0
1.9722,7.324844206,39.74464994,0.09559109,0.530273021,,1.97208,0,0,0
1.97232,7.324844206,39.74464994,0.09559109,0.530273021,,1.9722,0,0,0
1.97244,7.324844206,39.74464994,0.09559109,0.530273021,,1.97232,0,0,0
1.97256,7.324844206,39.74464994,0.09559109,0.530273021,,1.97244,0,0,0
1.97268,7.324844206,39.74464994,0.09559109,0.530273021,,1.97256,0,0,0
1.9728,7.324844206,39.74464994,0.09559109,0.530273021,,1.97268,0,0,0
1.97292,7.32488216,39.74465337,0.095586727,0.530248733,,1.9728,0,0,0
1.97304,7.32488216,39.74465337,0.095586727,0.530248733,,1.97292,0,0,0
1.97316,7.32488216,39.74465337,0.095586727,0.530248733,,1.97304,0,0,0
1.97328,7.32488216,39.74465337,0.095586727,0.530248733,,1.97316,0,0,0
1.9734,7.32488216,39.74465337,0.095586727,0.530248733,,1.97328,0,0,0
1.97352,7.32488216,39.74465337,0.095586727,0.530248733,,1.9734,0,0,0
1.97364,7.32488216,39.74465337,0.095586727,0.530248733,,1.97352,0,0,0
1.97376,7.32488216,39.74465337,0.095586727,0.530248733,,1.97364,0,0,0
1.97388,7.32488216,39.74465337,0.095586727,0.530248733,,1.97376,0,0,0
1.974,7.324811529,39.74465553,0.095584911,0.530238768,,1.97388,0,0,0
1.97412,7.324811529,39.74465553,0.095584911,0.530238768,,1.974,0,0,0
1.97424,7.324811529,39.74465553,0.095584911,0.530238768,,1.97412,0,0,0
1.97436,7.324811529,39.74465553,0.095584911,0.530238768,,1.97424,0,0,0
1.97448,7.324811529,39.74465553,0.095584911,0.530238768,,1.97436,0,0,0
1.9746,7.324811529,39.74465553,0.095584911,0.530238768,,1.97448,0,0,0
1.97472,7.324811529,39.74465553,0.095584911,0.530238768,,1.9746,0,0,0
1.97484,7.324811529,39.74465553,0.095584911,0.530238768,,1.97472,0,0,0
1.97496,7.324811529,39.74465553,0.095584911,0.530238768,,1.97484,0,0,0
1.97508,7.324763422,39.74465169,0.095588926,0.530261011,,1.97496,0,0,0
1.9752,7.324763422,39.74465169,0.095588926,0.530261011,,1.97508,0,0,0
1.97532,7.324763422,39.74465169,0.095588926,0.530261011,,1.9752,0,0,0
1.97544,7.324763422,39.74465169,0.095588926,0.530261011,,1.97532,0,0,0
1.97556,7.324763422,39.74465169,0.095588926,0.530261011,,1.97544,0,0,0
1.97568,7.324763422,39.74465169,0.095588926,0.530261011,,1.97556,0,0,0
1.9758,7.324763422,39.74465169,0.095588926,0.530261011,,1.97568,0,0,0
1.97592,7.324763422,39.74465169,0.095588926,0.530261011,,1.9758,0,0,0
1.97604,7.324763422,39.74465169,0.095588926,0.530261011,,1.97592,0,0,0
1.97616,7.324819176,39.74464787,0.095592546,0.530281008,,1.97604,0,0,0
1.97628,7.324819176,39.74464787,0.095592546,0.530281008,,1.97616,0,0,0
1.9764,7.324819176,39.74464787,0.095592546,0.530281008,,1.97628,0,0,0
1.97652,7.324819176,39.74464787,0.095592546,0.530281008,,1.9764,0,0,0
1.97664,7.324819176,39.74464787,0.095592546,0.530281008,,1.97652,0,0,0
1.97676,7.324819176,39.74464787,0.095592546,0.530281008,,1.97664,0,0,0
1.97688,7.324819176,39.74464787,0.095592546,0.530281008,,1.97676,0,0,0
1.977,7.324819176,39.74464787,0.095592546,0.530281008,,1.97688,0,0,0
1.97712,7.324873385,39.74464968,0.095590816,0.530271481,,1.977,0,0,0
1.97724,7.324873385,39.74464968,0.095590816,0.530271481,,1.97712,0,0,0
1.97736,7.324873385,39.74464968,0.095590816,0.530271481,,1.97724,0,0,0
1.97748,7.324873385,39.74464968,0.095590816,0.530271481,,1.97736,0,0,0
1.9776,7.324873385,39.74464968,0.095590816,0.530271481,,1.97748,0,0,0
1.97772,7.324873385,39.74464968,0.095590816,0.530271481,,1.9776,0,0,0
1.97784,7.324873385,39.74464968,0.095590816,0.530271481,,1.97772,0,0,0
1.97796,7.324873385,39.74464968,0.095590816,0.530271481,,1.97784,0,0,0
1.97808,7.324873385,39.74464968,0.095590816,0.530271481,,1.97796,0,0,0
1.9782,7.324845497,39.74465129,0.095589869,0.530266382,,1.97808,0,0,0
1.97832,7.324845497,39.74465129,0.095589869,0.530266382,,1.9782,0,0,0
1.97844,7.324845497,39.74465129,0.095589869,0.530266382,,1.97832,0,0,0
1.97856,7.324845497,39.74465129,0.095589869,0.530266382,,1.97844,0,0,0
1.97868,7.324845497,39.74465129,0.095589869,0.530266382,,1.97856,0,0,0
1.9788,7.324845497,39.74465129,0.095589869,0.530266382,,1.97868,0,0,0
1.97892,7.324845497,39.74465129,0.095589869,0.530266382,,1.9788,0,0,0
1.97904,7.324845497,39.74465129,0.095589869,0.530266382,,1.97892,0,0,0
1.97916,7.324845497,39.74465129,0.095589869,0.530266382,,1.97904,0,0,0
1.97928,7.324828822,39.74465006,0.095591585,0.530275972,,1.97916,0,0,0
1.9794,7.324828822,39.74465006,0.095591585,0.530275972,,1.97928,0,0,0
1.97952,7.324828822,39.74465006,0.095591585,0.530275972,,1.9794,0,0,0
1.97964,7.324828822,39.74465006,0.095591585,0.530275972,,1.97952,0,0,0
1.97976,7.324828822,39.74465006,0.095591585,0.530275972,,1.97964,0,0,0
1.97988,7.324828822,39.74465006,0.095591585,0.530275972,,1.97976,0,0,0
1.98,7.324828822,39.74465006,0.095591585,0.530275972,,1.97988,0,0,0
1.98012,7.324828822,39.74465006,0.095591585,0.530275972,,1.98,0,0,0
1.98024,7.32484643,39.7446486,0.095592413,0.530280441,,1.98012,0,0,0
1.98036,7.32484643,39.7446486,0.095592413,0.530280441,,1.98024,0,0,0
1.98048,7.32484643,39.7446486,0.095592413,0.530280441,,1.98036,0,0,0
1.9806,7.32484643,39.7446486,0.095592413,0.530280441,,1.98048,0,0,0
1.98072,7.32484643,39.7446486,0.095592413,0.530280441,,1.9806,0,0,0
1.98084,7.32484643,39.7446486,0.095592413,0.530280441,,1.98072,0,0,0
1.98096,7.32484643,39.7446486,0.095592413,0.530280441,,1.98084,0,0,0
1.98108,7.32484643,39.7446486,0.095592413,0.530280441,,1.98096,0,0,0
1.9812,7.32484643,39.7446486,0.095592413,0.530280441,,1.98108,0,0,0
1.98132,7.324889698,39.74465209,0.095588065,0.530256236,,1.9812,0,0,0
1.98144,7.324889698,39.74465209,0.095588065,0.530256236,,1.98132,0,0,0
1.98156,7.324889698,39.74465209,0.095588065,0.530256236,,1.98144,0,0,0
1.98168,7.324889698,39.74465209,0.095588065,0.530256236,,1.98156,0,0,0
1.9818,7.324889698,39.74465209,0.095588065,0.530256236,,1.98168,0,0,0
1.98192,7.324889698,39.74465209,0.095588065,0.530256236,,1.9818,0,0,0
1.98204,7.324889698,39.74465209,0.095588065,0.530256236,,1.98192,0,0,0
1.98216,7.324889698,39.74465209,0.095588065,0.530256236,,1.98204,0,0,0
1.98228,7.324889698,39.74465209,0.095588065,0.530256236,,1.98216,0,0,0
1.9824,7.324824631,39.74465503,0.095585503,0.530242132,,1.98228,0,0,0
1.98252,7.324824631,39.74465503,0.095585503,0.530242132,,1.9824,0,0,0
1.98264,7.324824631,39.74465503,0.095585503,0.530242132,,1.98252,0,0,0
1.98276,7.324824631,39.74465503,0.095585503,0.530242132,,1.98264,0,0,0
1.98288,7.324824631,39.74465503,0.095585503,0.530242132,,1.98276,0,0,0
1.983,7.324824631,39.74465503,0.095585503,0.530242132,,1.98288,0,0,0
1.98312,7.324824631,39.74465503,0.095585503,0.530242132,,1.983,0,0,0
1.98324,7.324824631,39.74465503,0.095585503,0.530242132,,1.98312,0,0,0
1.98336,7.324763207,39.74465137,0.095589499,0.530264273,,1.98324,0,0,0
1.98348,7.324763207,39.74465137,0.095589499,0.530264273,,1.98336,0,0,0
1.9836,7.324763207,39.74465137,0.095589499,0.530264273,,1.98348,0,0,0
1.98372,7.324763207,39.74465137,0.095589499,0.530264273,,1.9836,0,0,0
1.98384,7.324763207,39.74465137,0.095589499,0.530264273,,1.98372,0,0,0
1.98396,7.324763207,39.74465137,0.095589499,0.530264273,,1.98384,0,0,0
1.98408,7.324763207,39.74465137,0.095589499,0.530264273,,1.98396,0,0,0
1.9842,7.324763207,39.74465137,0.095589499,0.530264273,,1.98408,0,0,0
1.98432,7.324763207,39.74465137,0.095589499,0.530264273,,1.9842,0,0,0
1.98444,7.32481245,39.74464661,0.095594148,0.530289936,,1.98432,0,0,0
1.98456,7.32481245,39.74464661,0.095594148,0.530289936,,1.98444,0,0,0
1.98468,7.32481245,39.74464661,0.095594148,0.530289936,,1.98456,0,0,0
1.9848,7.32481245,39.74464661,0.095594148,0.530289936,,1.98468,0,0,0
1.98492,7.32481245,39.74464661,0.095594148,0.530289936,,1.9848,0,0,0
1.98504,7.32481245,39.74464661,0.095594148,0.530289936,,1.98492,0,0,0
1.98516,7.32481245,39.74464661,0.095594148,0.530289936,,1.98504,0,0,0
1.98528,7.32481245,39.74464661,0.095594148,0.530289936,,1.98516,0,0,0
1.9854,7.32481245,39.74464661,0.095594148,0.530289936,,1.98528,0,0,0
1.98552,7.324880891,39.74464784,0.095592946,0.530283278,,1.9854,0,0,0
1.98564,7.324880891,39.74464784,0.095592946,0.530283278,,1.98552,0,0,0
1.98576,7.324880891,39.74464784,0.095592946,0.530283278,,1.98564,0,0,0
1.98588,7.324880891,39.74464784,0.095592946,0.530283278,,1.98576,0,0,0
1.986,7.324880891,39.74464784,0.095592946,0.530283278,,1.98588,0,0,0
1.98612,7.324880891,39.74464784,0.095592946,0.530283278,,1.986,0,0,0
1.98624,7.324880891,39.74464784,0.095592946,0.530283278,,1.98612,0,0,0
1.98636,7.324880891,39.74464784,0.095592946,0.530283278,,1.98624,0,0,0
1.98648,7.324849024,39.74464946,0.095591941,0.530277816,,1.98636,0,0,0
1.9866,7.324849024,39.74464946,0.095591941,0.530277816,,1.98648,0,0,0
1.98672,7.324849024,39.74464946,0.095591941,0.530277816,,1.9866,0,0,0
1.98684,7.324849024,39.74464946,0.095591941,0.530277816,,1.98672,0,0,0
1.98696,7.324849024,39.74464946,0.095591941,0.530277816,,1.98684,0,0,0
1.98708,7.324849024,39.74464946,0.095591941,0.530277816,,1.98696,0,0,0
1.9872,7.324849024,39.74464946,0.095591941,0.530277816,,1.98708,0,0,0
1.98732,7.324849024,39.74464946,0.095591941,0.530277816,,1.9872,0,0,0
1.98744,7.324849024,39.74464946,0.095591941,0.530277816,,1.98732,0,0,0
1.98756,7.324836156,39.74464812,0.095593694,0.530287574,,1.98744,0,0,0
1.98768,7.324836156,39.74464812,0.095593694,0.530287574,,1.98756,0,0,0
1.9878,7.324836156,39.74464812,0.095593694,0.530287574,,1.98768,0,0,0
1.98792,7.324836156,39.74464812,0.095593694,0.530287574,,1.9878,0,0,0
1.98804,7.324836156,39.74464812,0.095593694,0.530287574,,1.98792,0,0,0
1.98816,7.324836156,39.74464812,0.095593694,0.530287574,,1.98804,0,0,0
1.98828,7.324836156,39.74464812,0.095593694,0.530287574,,1.98816,0,0,0
1.9884,7.324836156,39.74464812,0.095593694,0.530287574,,1.98828,0,0,0
1.98852,7.324836156,39.74464812,0.095593694,0.530287574,,1.9884,0,0,0
1.98864,7.324853561,39.74464687,0.095594442,0.530291612,,1.98852,0,0,0
1.98876,7.324853561,39.74464687,0.095594442,0.530291612,,1.98864,0,0,0
1.98888,7.324853561,39.74464687,0.095594442,0.530291612,,1.98876,0,0,0
1.989,7.324853561,39.74464687,0.095594442,0.530291612,,1.98888,0,0,0
1.98912,7.324853561,39.74464687,0.095594442,0.530291612,,1.989,0,0,0
1.98924,7.324853561,39.74464687,0.095594442,0.530291612,,1.98912,0,0,0
1.98936,7.324853561,39.74464687,0.095594442,0.530291612,,1.98924,0,0,0
1.98948,7.324853561,39.74464687,0.095594442,0.530291612,,1.98936,0,0,0
1.9896,7.324898831,39.74465022,0.095590191,0.530267941,,1.98948,0,0,0
1.98972,7.324898831,39.74465022,0.095590191,0.530267941,,1.9896,0,0,0
1.98984,7.324898831,39.74465022,0.095590191,0.530267941,,1.98972,0,0,0
1.98996,7.324898831,39.74465022,0.095590191,0.530267941,,1.98984,0,0,0
1.99008,7.324898831,39.74465022,0.095590191,0.530267941,,1.98996,0,0,0
1.9902,7.324898831,39.74465022,0.095590191,0.530267941,,1.99008,0,0,0
1.99032,7.324898831,39.74465022,0.095590191,0.530267941,,1.9902,0,0,0
1.99044,7.324898831,39.74465022,0.095590191,0.530267941,,1.99032,0,0,0
1.99056,7.324898831,39.74465022,0.095590191,0.530267941,,1.99044,0,0,0
1.99068,7.324842006,39.74465395,0.095586731,0.530248872,,1.99056,0,0,0
1.9908,7.324842006,39.74465395,0.095586731,0.530248872,,1.99068,0,0,0
1.99092,7.324842006,39.74465395,0.095586731,0.530248872,,1.9908,0,0,0
1.99104,7.324842006,39.74465395,0.095586731,0.530248872,,1.99092,0,0,0
1.99116,7.324842006,39.74465395,0.095586731,0.530248872,,1.99104,0,0,0
1.99128,7.324842006,39.74465395,0.095586731,0.530248872,,1.99116,0,0,0
1.9914,7.324842006,39.74465395,0.095586731,0.530248872,,1.99128,0,0,0
1.99152,7.324842006,39.74465395,0.095586731,0.530248872,,1.9914,0,0,0
1.99164,7.324842006,39.74465395,0.095586731,0.530248872,,1.99152,0,0,0
1.99176,7.324768279,39.74465097,0.095590072,0.530267427,,1.99164,0,0,0
1.99188,7.324768279,39.74465097,0.095590072,0.530267427,,1.99176,0,0,0
1.992,7.324768279,39.74465097,0.095590072,0.530267427,,1.99188,0,0,0
1.99212,7.324768279,39.74465097,0.095590072,0.530267427,,1.992,0,0,0
1.99224,7.324768279,39.74465097,0.095590072,0.530267427,,1.99212,0,0,0
1.99236,7.324768279,39.74465097,0.095590072,0.530267427,,1.99224,0,0,0
1.99248,7.324768279,39.74465097,0.095590072,0.530267427,,1.99236,0,0,0
1.9926,7.324768279,39.74465097,0.095590072,0.530267427,,1.99248,0,0,0
1.99272,7.324806104,39.74464571,0.095595184,0.530295681,,1.9926,0,0,0
1.99284,7.324806104,39.74464571,0.095595184,0.530295681,,1.99272,0,0,0
1.99296,7.324806104,39.74464571,0.095595184,0.530295681,,1.99284,0,0,0
1.99308,7.324806104,39.74464571,0.095595184,0.530295681,,1.99296,0,0,0
1.9932,7.324806104,39.74464571,0.095595184,0.530295681,,1.99308,0,0,0
1.99332,7.324806104,39.74464571,0.095595184,0.530295681,,1.9932,0,0,0
1.99344,7.324806104,39.74464571,0.095595184,0.530295681,,1.99332,0,0,0
1.99356,7.324806104,39.74464571,0.095595184,0.530295681,,1.99344,0,0,0
1.99368,7.324806104,39.74464571,0.095595184,0.530295681,,1.99356,0,0,0
1.9938,7.324890489,39.74464678,0.095594096,0.530289679,,1.99368,0,0,0
1.99392,7.324890489,39.74464678,0.095594096,0.530289679,,1.9938,0,0,0
1.99404,7.324890489,39.74464678,0.095594096,0.530289679,,1.99392,0,0,0
1.99416,7.324890489,39.74464678,0.095594096,0.530289679,,1.99404,0,0,0
1.99428,7.324890489,39.74464678,0.095594096,0.530289679,,1.99416,0,0,0
1.9944,7.324890489,39.74464678,0.095594096,0.530289679,,1.99428,0,0,0
1.99452,7.324890489,39.74464678,0.095594096,0.530289679,,1.9944,0,0,0
1.99464,7.324890489,39.74464678,0.095594096,0.530289679,,1.99452,0,0,0
1.99476,7.324890489,39.74464678,0.095594096,0.530289679,,1.99464,0,0,0
1.99488,7.3248585,39.74464914,0.095592342,0.530280117,,1.99476,0,0,0
1.995,7.3248585,39.74464914,0.095592342,0.530280117,,1.99488,0,0,0
1.99512,7.3248585,39.74464914,0.095592342,0.530280117,,1.995,0,0,0
1.99524,7.3248585,39.74464914,0.095592342,0.530280117,,1.99512,0,0,0
1.99536,7.3248585,39.74464914,0.095592342,0.530280117,,1.99524,0,0,0
1.99548,7.3248585,39.74464914,0.095592342,0.530280117,,1.99536,0,0,0
1.9956,7.3248585,39.74464914,0.095592342,0.530280117,,1.99548,0,0,0
1.99572,7.3248585,39.74464914,0.095592342,0.530280117,,1.9956,0,0,0
1.99584,7.32484416,39.74464816,0.095593742,0.530287946,,1.99572,0,0,0
1.99596,7.32484416,39.74464816,0.095593742,0.530287946,,1.99584,0,0,0
1.99608,7.32484416,39.74464816,0.095593742,0.530287946,,1.99596,0,0,0
1.9962,7.32484416,39.74464816,0.095593742,0.530287946,,1.99608,0,0,0
1.99632,7.32484416,39.74464816,0.095593742,0.530287946,,1.9962,0,0,0
1.99644,7.32484416,39.74464816,0.095593742,0.530287946,,1.99632,0,0,0
1.99656,7.32484416,39.74464816,0.095593742,0.530287946,,1.99644,0,0,0
1.99668,7.32484416,39.74464816,0.095593742,0.530287946,,1.99656,0,0,0
1.9968,7.32484416,39.74464816,0.095593742,0.530287946,,1.99668,0,0,0
1.99692,7.324598985,39.71782162,0.095542275,0.530003398,,1.9968,0,0,0
1.99704,7.324598985,39.71782162,0.095542275,0.530003398,,1.99692,0,0,0
1.99716,7.324598985,39.71782162,0.095542275,0.530003398,,1.99704,0,0,0
1.99728,7.324598985,39.71782162,0.095542275,0.530003398,,1.99716,0,0,0
1.9974,7.324598985,39.71782162,0.095542275,0.530003398,,1.99728,0,0,0
1.99752,7.324598985,39.71782162,0.095542275,0.530003398,,1.9974,0,0,0
1.99764,7.324598985,39.71782162,0.095542275,0.530003398,,1.99752,0,0,0
1.99776,7.324598985,39.71782162,0.095542275,0.530003398,,1.99764,0,0,0
1.99788,7.324598985,39.71782162,0.095542275,0.530003398,,1.99776,0,0,0
1.998,7.294163826,39.27590426,0.09360014,0.519308917,,1.99788,0,0,0
1.99812,7.294163826,39.27590426,0.09360014,0.519308917,,1.998,0,0,0
1.99824,7.294163826,39.27590426,0.09360014,0.519308917,,1.99812,0,0,0
1.99836,7.294163826,39.27590426,0.09360014,0.519308917,,1.99824,0,0,0
1.99848,7.294163826,39.27590426,0.09360014,0.519308917,,1.99836,0,0,0
1.9986,7.294163826,39.27590426,0.09360014,0.519308917,,1.99848,0,0,0
1.99872,7.294163826,39.27590426,0.09360014,0.519308917,,1.9986,0,0,0
1.99884,7.294163826,39.27590426,0.09360014,0.519308917,,1.99872,0,0,0
1.99896,7.184118179,38.78506853,0.090964748,0.504899587,,1.99884,0,0,0
1.99908,7.184118179,38.78506853,0.090964748,0.504899587,,1.99896,0,0,0
1.9992,7.184118179,38.78506853,0.090964748,0.504899587,,1.99908,0,0,0
1.99932,7.184118179,38.78506853,0.090964748,0.504899587,,1.9992,0,0,0
1.99944,7.184118179,38.78506853,0.090964748,0.504899587,,1.99932,0,0,0
1.99956,7.184118179,38.78506853,0.090964748,0.504899587,,1.99944,0,0,0
1.99968,7.184118179,38.78506853,0.090964748,0.504899587,,1.99956,0,0,0
1.9998,7.184118179,38.78506853,0.090964748,0.504899587,,1.99968,0,0,0
1.99992,7.184118179,38.78506853,0.090964748,0.504899587,,1.9998,0,0,0
2.00004,7.142740835,38.62205325,0.090590087,0.502907441,,1.99992,0,0,0
2.00016,7.142740835,38.62205325,0.090590087,0.502907441,,2.00004,0,0,0
2.00028,7.142740835,38.62205325,0.090590087,0.502907441,,2.00016,0,0,0
2.0004,7.142740835,38.62205325,0.090590087,0.502907441,,2.00028,0,0,0
2.00052,7.142740835,38.62205325,0.090590087,0.502907441,,2.0004,0,0,0
2.00064,7.142740835,38.62205325,0.090590087,0.502907441,,2.00052,0,0,0
2.00076,7.142740835,38.62205325,0.090590087,0.502907441,,2.00064,0,0,0
2.00088,7.142740835,38.62205325,0.090590087,0.502907441,,2.00076,0,0,0
2.001,7.142740835,38.62205325,0.090590087,0.502907441,,2.00088,0,0,0
2.00112,7.145919808,38.60218211,0.09111515,0.505953022,,2.001,0,0,0
2.00124,7.145919808,38.60218211,0.09111515,0.505953022,,2.00112,0,0,0
2.00136,7.145919808,38.60218211,0.09111515,0.505953022,,2.00124,0,0,0
2.00148,7.145919808,38.60218211,0.09111515,0.505953022,,2.00136,0,0,0
2.0016,7.145919808,38.60218211,0.09111515,0.505953022,,2.00148,0,0,0
2.00172,7.145919808,38.60218211,0.09111515,0.505953022,,2.0016,0,0,0
2.00184,7.145919808,38.60218211,0.09111515,0.505953022,,2.00172,0,0,0
2.00196,7.145919808,38.60218211,0.09111515,0.505953022,,2.00184,0,0,0
2.00208,7.145919808,38.60218211,0.09111515,0.505953022,,2.00196,0,0,0
2.0022,7.146948107,38.5715043,0.093083912,0.516943667,,2.00208,0,0,0
2.00232,7.146948107,38.5715043,0.093083912,0.516943667,,2.0022,0,0,0
2.00244,7.146948107,38.5715043,0.093083912,0.516943667,,2.00232,0,0,0
2.00256,7.146948107,38.5715043,0.093083912,0.516943667,,2.00244,0,0,0
2.00268,7.146948107,38.5715043,0.093083912,0.516943667,,2.00256,0,0,0
2.0028,7.146948107,38.5715043,0.093083912,0.516943667,,2.00268,0,0,0
2.00292,7.146948107,38.5715043,0.093083912,0.516943667,,2.0028,0,0,0
2.00304,7.146948107,38.5715043,0.093083912,0.516943667,,2.00292,0,0,0
2.00316,7.125928907,38.36234602,0.093850811,0.521161246,,2.00304,0,0,0
2.00328,7.125928907,38.36234602,0.093850811,0.521161246,,2.00316,0,0,0
2.0034,7.125928907,38.36234602,0.093850811,0.521161246,,2.00328,0,0,0
2.00352,7.125928907,38.36234602,0.093850811,0.521161246,,2.0034,0,0,0
2.00364,7.125928907,38.36234602,0.093850811,0.521161246,,2.00352,0,0,0
2.00376,7.125928907,38.36234602,0.093850811,0.521161246,,2.00364,0,0,0
2.00388,7.125928907,38.36234602,0.093850811,0.521161246,,2.00376,0,0,0
2.004,7.125928907,38.36234602,0.093850811,0.521161246,,2.00388,0,0,0
2.00412,7.125928907,38.36234602,0.093850811,0.521161246,,2.004,0,0,0
2.00424,7.05588333,37.91795833,0.093663364,0.520086955,,2.00412,0,0,0
2.00436,7.05588333,37.91795833,0.093663364,0.520086955,,2.00424,0,0,0
2.00448,7.05588333,37.91795833,0.093663364,0.520086955,,2.00436,0,0,0
2.0046,7.05588333,37.91795833,0.093663364,0.520086955,,2.00448,0,0,0
2.00472,7.05588333,37.91795833,0.093663364,0.520086955,,2.0046,0,0,0
2.00484,7.05588333,37.91795833,0.093663364,0.520086955,,2.00472,0,0,0
2.00496,7.05588333,37.91795833,0.093663364,0.520086955,,2.00484,0,0,0
2.00508,7.05588333,37.91795833,0.093663364,0.520086955,,2.00496,0,0,0
2.0052,7.05588333,37.91795833,0.093663364,0.520086955,,2.00508,0,0,0
2.00532,6.950637688,37.30672532,0.093067211,0.516785001,,2.0052,0,0,0
2.00544,6.950637688,37.30672532,0.093067211,0.516785001,,2.00532,0,0,0
2.00556,6.950637688,37.30672532,0.093067211,0.516785001,,2.00544,0,0,0
2.00568,6.950637688,37.30672532,0.093067211,0.516785001,,2.00556,0,0,0
2.0058,6.950637688,37.30672532,0.093067211,0.516785001,,2.00568,0,0,0
2.00592,6.950637688,37.30672532,0.093067211,0.516785001,,2.0058,0,0,0
2.00604,6.950637688,37.30672532,0.093067211,0.516785001,,2.00592,0,0,0
2.00616,6.950637688,37.30672532,0.093067211,0.516785001,,2.00604,0,0,0
2.00628,6.865517379,36.7048885,0.091828132,0.509983021,,2.00616,0,0,0
2.0064,6.865517379,36.7048885,0.091828132,0.509983021,,2.00628,0,0,0
2.00652,6.865517379,36.7048885,0.091828132,0.509983021,,2.0064,0,0,0
2.00664,6.865517379,36.7048885,0.091828132,0.509983021,,2.00652,0,0,0
2.00676,6.865517379,36.7048885,0.091828132,0.509983021,,2.00664,0,0,0
2.00688,6.865517379,36.7048885,0.091828132,0.509983021,,2.00676,0,0,0
2.007,6.865517379,36.7048885,0.091828132,0.509983021,,2.00688,0,0,0
2.00712,6.865517379,36.7048885,0.091828132,0.509983021,,2.007,0,0,0
2.00724,6.865517379,36.7048885,0.091828132,0.509983021,,2.00712,0,0,0
2.00736,6.800655287,36.28108929,0.089980788,0.499921494,,2.00724,0,0,0
2.00748,6.800655287,36.28108929,0.089980788,0.499921494,,2.00736,0,0,0
2.0076,6.800655287,36.28108929,0.089980788,0.499921494,,2.00748,0,0,0
2.00772,6.800655287,36.28108929,0.089980788,0.499921494,,2.0076,0,0,0
2.00784,6.800655287,36.28108929,0.089980788,0.499921494,,2.00772,0,0,0
2.00796,6.800655287,36.28108929,0.089980788,0.499921494,,2.00784,0,0,0
2.00808,6.800655287,36.28108929,0.089980788,0.499921494,,2.00796,0,0,0
2.0082,6.800655287,36.28108929,0.089980788,0.499921494,,2.00808,0,0,0
2.00832,6.800655287,36.28108929,0.089980788,0.499921494,,2.0082,0,0,0
2.00844,6.752222316,36.10004369,0.089729366,0.498678192,,2.00832,0,0,0
2.00856,6.752222316,36.10004369,0.089729366,0.498678192,,2.00844,0,0,0
2.00868,6.752222316,36.10004369,0.089729366,0.498678192,,2.00856,0,0,0
2.0088,6.752222316,36.10004369,0.089729366,0.498678192,,2.00868,0,0,0
2.00892,6.752222316,36.10004369,0.089729366,0.498678192,,2.0088,0,0,0
2.00904,6.752222316,36.10004369,0.089729366,0.498678192,,2.00892,0,0,0
2.00916,6.752222316,36.10004369,0.089729366,0.498678192,,2.00904,0,0,0
2.00928,6.752222316,36.10004369,0.089729366,0.498678192,,2.00916,0,0,0
2.0094,6.749962361,36.08182865,0.090688226,0.504064819,,2.00928,0,0,0
2.00952,6.749962361,36.08182865,0.090688226,0.504064819,,2.0094,0,0,0
2.00964,6.749962361,36.08182865,0.090688226,0.504064819,,2.00952,0,0,0
2.00976,6.749962361,36.08182865,0.090688226,0.504064819,,2.00964,0,0,0
2.00988,6.749962361,36.08182865,0.090688226,0.504064819,,2.00976,0,0,0
2.01,6.749962361,36.08182865,0.090688226,0.504064819,,2.00988,0,0,0
2.01012,6.749962361,36.08182865,0.090688226,0.504064819,,2.01,0,0,0
2.01024,6.749962361,36.08182865,0.090688226,0.504064819,,2.01012,0,0,0
2.01036,6.749962361,36.08182865,0.090688226,0.504064819,,2.01024,0,0,0
2.01048,6.744704307,36.05086965,0.093397446,0.519116619,,2.01036,0,0,0
2.0106,6.744704307,36.05086965,0.093397446,0.519116619,,2.01048,0,0,0
2.01072,6.744704307,36.05086965,0.093397446,0.519116619,,2.0106,0,0,0
2.01084,6.744704307,36.05086965,0.093397446,0.519116619,,2.01072,0,0,0
2.01096,6.744704307,36.05086965,0.093397446,0.519116619,,2.01084,0,0,0
2.01108,6.744704307,36.05086965,0.093397446,0.519116619,,2.01096,0,0,0
2.0112,6.744704307,36.05086965,0.093397446,0.519116619,,2.01108,0,0,0
2.01132,6.744704307,36.05086965,0.093397446,0.519116619,,2.0112,0,0,0
2.01144,6.744704307,36.05086965,0.093397446,0.519116619,,2.01132,0,0,0
2.01156,6.71994644,35.8420848,0.096404787,0.53574668,,2.01144,0,0,0
2.01168,6.71994644,35.8420848,0.096404787,0.53574668,,2.01156,0,0,0
2.0118,6.71994644,35.8420848,0.096404787,0.53574668,,2.01168,0,0,0
2.01192,6.71994644,35.8420848,0.096404787,0.53574668,,2.0118,0,0,0
2.01204,6.71994644,35.8420848,0.096404787,0.53574668,,2.01192,0,0,0
2.01216,6.71994644,35.8420848,0.096404787,0.53574668,,2.01204,0,0,0
2.01228,6.71994644,35.8420848,0.096404787,0.53574668,,2.01216,0,0,0
2.0124,6.71994644,35.8420848,0.096404787,0.53574668,,2.01228,0,0,0
2.01252,6.642781328,35.39422706,0.09898334,0.549974191,,2.0124,0,0,0
2.01264,6.642781328,35.39422706,0.09898334,0.549974191,,2.01252,0,0,0
2.01276,6.642781328,35.39422706,0.09898334,0.549974191,,2.01264,0,0,0
2.01288,6.642781328,35.39422706,0.09898334,0.549974191,,2.01276,0,0,0
2.013,6.642781328,35.39422706,0.09898334,0.549974191,,2.01288,0,0,0
2.01312,6.642781328,35.39422706,0.09898334,0.549974191,,2.013,0,0,0
2.01324,6.642781328,35.39422706,0.09898334,0.549974191,,2.01312,0,0,0
2.01336,6.642781328,35.39422706,0.09898334,0.549974191,,2.01324,0,0,0
2.01348,6.642781328,35.39422706,0.09898334,0.549974191,,2.01336,0,0,0
2.0136,6.537123236,34.80895239,0.101569944,0.564242312,,2.01348,0,0,0
2.01372,6.537123236,34.80895239,0.101569944,0.564242312,,2.0136,0,0,0
2.01384,6.537123236,34.80895239,0.101569944,0.564242312,,2.01372,0,0,0
2.01396,6.537123236,34.80895239,0.101569944,0.564242312,,2.01384,0,0,0
2.01408,6.537123236,34.80895239,0.101569944,0.564242312,,2.01396,0,0,0
2.0142,6.537123236,34.80895239,0.101569944,0.564242312,,2.01408,0,0,0
2.01432,6.537123236,34.80895239,0.101569944,0.564242312,,2.0142,0,0,0
2.01444,6.537123236,34.80895239,0.101569944,0.564242312,,2.01432,0,0,0
2.01456,6.537123236,34.80895239,0.101569944,0.564242312,,2.01444,0,0,0
2.01468,6.468245635,34.64626952,0.104822778,0.582155136,,2.01456,0,0,0
2.0148,6.468245635,34.64626952,0.104822778,0.582155136,,2.01468,0,0,0
2.01492,6.468245635,34.64626952,0.104822778,0.582155136,,2.0148,0,0,0
2.01504,6.468245635,34.64626952,0.104822778,0.582155136,,2.01492,0,0,0
2.01516,6.468245635,34.64626952,0.104822778,0.582155136,,2.01504,0,0,0
2.01528,6.468245635,34.64626952,0.104822778,0.582155136,,2.01516,0,0,0
2.0154,6.468245635,34.64626952,0.104822778,0.582155136,,2.01528,0,0,0
2.01552,6.468245635,34.64626952,0.104822778,0.582155136,,2.0154,0,0,0
2.01564,6.508692001,34.71094773,0.10746758,0.596640663,,2.01552,0,0,0
2.01576,6.508692001,34.71094773,0.10746758,0.596640663,,2.01564,0,0,0
2.01588,6.508692001,34.71094773,0.10746758,0.596640663,,2.01576,0,0,0
2.016,6.508692001,34.71094773,0.10746758,0.596640663,,2.01588,0,0,0
2.01612,6.508692001,34.71094773,0.10746758,0.596640663,,2.016,0,0,0
2.01624,6.508692001,34.71094773,0.10746758,0.596640663,,2.01612,0,0,0
2.01636,6.508692001,34.71094773,0.10746758,0.596640663,,2.01624,0,0,0
2.01648,6.508692001,34.71094773,0.10746758,0.596640663,,2.01636,0,0,0
2.0166,6.508692001,34.71094773,0.10746758,0.596640663,,2.01648,0,0,0
2.01672,6.518604777,34.69097777,0.107946171,0.599235071,,2.0166,0,0,0
2.01684,6.518604777,34.69097777,0.107946171,0.599235071,,2.01672,0,0,0
2.01696,6.518604777,34.69097777,0.107946171,0.599235071,,2.01684,0,0,0
2.01708,6.518604777,34.69097777,0.107946171,0.599235071,,2.01696,0,0,0
2.0172,6.518604777,34.69097777,0.107946171,0.599235071,,2.01708,0,0,0
2.01732,6.518604777,34.69097777,0.107946171,0.599235071,,2.0172,0,0,0
2.01744,6.518604777,34.69097777,0.107946171,0.599235071,,2.01732,0,0,0
2.01756,6.518604777,34.69097777,0.107946171,0.599235071,,2.01744,0,0,0
2.01768,6.518604777,34.69097777,0.107946171,0.599235071,,2.01756,0,0,0
2.0178,6.511721004,34.69225958,0.1074464,0.596367078,,2.01768,0,0,0
2.01792,6.511721004,34.69225958,0.1074464,0.596367078,,2.0178,0,0,0
2.01804,6.511721004,34.69225958,0.1074464,0.596367078,,2.01792,0,0,0
2.01816,6.511721004,34.69225958,0.1074464,0.596367078,,2.01804,0,0,0
2.01828,6.511721004,34.69225958,0.1074464,0.596367078,,2.01816,0,0,0
2.0184,6.511721004,34.69225958,0.1074464,0.596367078,,2.01828,0,0,0
2.01852,6.511721004,34.69225958,0.1074464,0.596367078,,2.0184,0,0,0
2.01864,6.511721004,34.69225958,0.1074464,0.596367078,,2.01852,0,0,0
2.01876,6.50565778,34.69239922,0.106229478,0.589559854,,2.01864,0,0,0
2.01888,6.50565778,34.69239922,0.106229478,0.589559854,,2.01876,0,0,0
2.019,6.50565778,34.69239922,0.106229478,0.589559854,,2.01888,0,0,0
2.01912,6.50565778,34.69239922,0.106229478,0.589559854,,2.019,0,0,0
2.01924,6.50565778,34.69239922,0.106229478,0.589559854,,2.01912,0,0,0
2.01936,6.50565778,34.69239922,0.106229478,0.589559854,,2.01924,0,0,0
2.01948,6.50565778,34.69239922,0.106229478,0.589559854,,2.01936,0,0,0
2.0196,6.50565778,34.69239922,0.106229478,0.589559854,,2.01948,0,0,0
2.01972,6.50565778,34.69239922,0.106229478,0.589559854,,2.0196,0,0,0
2.01984,6.488709527,34.69326634,0.107531528,0.596787348,,2.01972,0,0,0
2.01996,6.488709527,34.69326634,0.107531528,0.596787348,,2.01984,0,0,0
2.02008,6.488709527,34.69326634,0.107531528,0.596787348,,2.01996,0,0,0
2.0202,6.488709527,34.69326634,0.107531528,0.596787348,,2.02008,0,0,0
2.02032,6.488709527,34.69326634,0.107531528,0.596787348,,2.0202,0,0,0
2.02044,6.488709527,34.69326634,0.107531528,0.596787348,,2.02032,0,0,0
2.02056,6.488709527,34.69326634,0.107531528,0.596787348,,2.02044,0,0,0
2.02068,6.488709527,34.69326634,0.107531528,0.596787348,,2.02056,0,0,0
2.0208,6.488709527,34.69326634,0.107531528,0.596787348,,2.02068,0,0,0
2.02092,6.480133933,34.68977139,0.110411079,0.612737507,,2.0208,0,0,0
2.02104,6.480133933,34.68977139,0.110411079,0.612737507,,2.02092,0,0,0
2.02116,6.480133933,34.68977139,0.110411079,0.612737507,,2.02104,0,0,0
2.02128,6.480133933,34.68977139,0.110411079,0.612737507,,2.02116,0,0,0
2.0214,6.480133933,34.68977139,0.110411079,0.612737507,,2.02128,0,0,0
2.02152,6.480133933,34.68977139,0.110411079,0.612737507,,2.0214,0,0,0
2.02164,6.480133933,34.68977139,0.110411079,0.612737507,,2.02152,0,0,0
2.02176,6.480133933,34.68977139,0.110411079,0.612737507,,2.02164,0,0,0
2.02188,6.471656566,34.68858743,0.11396496,0.632380487,,2.02176,0,0,0
2.022,6.471656566,34.68858743,0.11396496,0.632380487,,2.02188,0,0,0
2.02212,6.471656566,34.68858743,0.11396496,0.632380487,,2.022,0,0,0
2.02224,6.471656566,34.68858743,0.11396496,0.632380487,,2.02212,0,0,0
2.02236,6.471656566,34.68858743,0.11396496,0.632380487,,2.02224,0,0,0
2.02248,6.471656566,34.68858743,0.11396496,0.632380487,,2.02236,0,0,0
2.0226,6.471656566,34.68858743,0.11396496,0.632380487,,2.02248,0,0,0
2.02272,6.471656566,34.68858743,0.11396496,0.632380487,,2.0226,0,0,0
2.02284,6.471656566,34.68858743,0.11396496,0.632380487,,2.02272,0,0,0
2.02296,6.44848087,34.68517544,0.117899917,0.654076001,,2.02284,0,0,0
2.02308,6.44848087,34.68517544,0.117899917,0.654076001,,2.02296,0,0,0
2.0232,6.44848087,34.68517544,0.117899917,0.654076001,,2.02308,0,0,0
2.02332,6.44848087,34.68517544,0.117899917,0.654076001,,2.0232,0,0,0
2.02344,6.44848087,34.68517544,0.117899917,0.654076001,,2.02332,0,0,0
2.02356,6.44848087,34.68517544,0.117899917,0.654076001,,2.02344,0,0,0
2.02368,6.44848087,34.68517544,0.117899917,0.654076001,,2.02356,0,0,0
2.0238,6.44848087,34.68517544,0.117899917,0.654076001,,2.02368,0,0,0
2.02392,6.44848087,34.68517544,0.117899917,0.654076001,,2.0238,0,0,0
2.02404,6.4387612,34.68172944,0.121654332,0.674692265,,2.02392,0,0,0
2.02416,6.4387612,34.68172944,0.121654332,0.674692265,,2.02404,0,0,0
2.02428,6.4387612,34.68172944,0.121654332,0.674692265,,2.02416,0,0,0
2.0244,6.4387612,34.68172944,0.121654332,0.674692265,,2.02428,0,0,0
2.02452,6.4387612,34.68172944,0.121654332,0.674692265,,2.0244,1,0,0
2.02464,6.4387612,34.68172944,0.121654332,0.674692265,,2.02452,1,0,0
2.02476,6.4387612,34.68172944,0.121654332,0.674692265,,2.02464,1,0,0
2.02488,6.4387612,34.68172944,0.121654332,0.674692265,,2.02476,1,0,0
2.025,6.454936749,34.67971006,0.123179106,0.682967876,,2.02488,1,0,0
2.02512,6.454936749,34.67971006,0.123179106,0.682967876,,2.025,1,0,0
2.02524,6.454936749,34.67971006,0.123179106,0.682967876,,2.02512,1,0,0
2.02536,6.454936749,34.67971006,0.123179106,0.682967876,,2.02524,1,0,0
2.02548,6.454936749,34.67971006,0.123179106,0.682967876,,2.02536,1,0,0
2.0256,6.454936749,34.67971006,0.123179106,0.682967876,,2.02548,1,0,0
2.02572,6.454936749,34.67971006,0.123179106,0.682967876,,2.0256,1,0,0
2.02584,6.454936749,34.67971006,0.123179106,0.682967876,,2.02572,1,0,0
2.02596,6.454936749,34.67971006,0.123179106,0.682967876,,2.02584,1,0,0
2.02608,6.454314362,34.67904305,0.122946916,0.681550631,,2.02596,1,0,0
2.0262,6.454314362,34.67904305,0.122946916,0.681550631,,2.02608,1,0,0
2.02632,6.454314362,34.67904305,0.122946916,0.681550631,,2.0262,1,0,0
2.02644,6.454314362,34.67904305,0.122946916,0.681550631,,2.02632,1,0,0
2.02656,6.454314362,34.67904305,0.122946916,0.681550631,,2.02644,1,0,0
2.02668,6.454314362,34.67904305,0.122946916,0.681550631,,2.02656,1,0,0
2.0268,6.454314362,34.67904305,0.122946916,0.681550631,,2.02668,1,0,0
2.02692,6.454314362,34.67904305,0.122946916,0.681550631,,2.0268,1,0,0
2.02704,6.454314362,34.67904305,0.122946916,0.681550631,,2.02692,1,0,0
2.02716,6.453427824,34.67947221,0.121143521,0.671438609,,2.02704,1,1,0
2.02728,6.453427824,34.67947221,0.121143521,0.671438609,,2.02716,1,1,0
2.0274,6.453427824,34.67947221,0.121143521,0.671438609,,2.02728,1,1,0
2.02752,6.453427824,34.67947221,0.121143521,0.671438609,,2.0274,1,1,0
2.02764,6.453427824,34.67947221,0.121143521,0.671438609,,2.02752,1,1,0
2.02776,6.453427824,34.67947221,0.121143521,0.671438609,,2.02764,1,1,0
2.02788,6.453427824,34.67947221,0.121143521,0.671438609,,2.02776,1,1,0
2.028,6.453427824,34.67947221,0.121143521,0.671438609,,2.02788,1,1,1
2.02812,6.453427824,34.67947221,0.121143521,0.671438609,,2.028,1,1,1
2.02824,6.438142395,34.68029132,0.119325407,0.661311868,,2.02812,1,1,1
2.02836,6.438142395,34.68029132,0.119325407,0.661311868,,2.02824,1,1,1
2.02848,6.438142395,34.68029132,0.119325407,0.661311868,,2.02836,1,1,1
2.0286,6.438142395,34.68029132,0.119325407,0.661311868,,2.02848,1,1,1
2.02872,6.438142395,34.68029132,0.119325407,0.661311868,,2.0286,1,1,1
2.02884,6.438142395,34.68029132,0.119325407,0.661311868,,2.02872,1,1,1
2.02896,6.438142395,34.68029132,0.119325407,0.661311868,,2.02884,1,1,1
2.02908,6.438142395,34.68029132,0.119325407,0.661311868,,2.02896,1,1,1
2.0292,6.436393814,34.68087659,0.118154978,0.654810612,,2.02908,1,1,1
2.02932,6.436393814,34.68087659,0.118154978,0.654810612,,2.0292,1,1,1
2.02944,6.436393814,34.68087659,0.118154978,0.654810612,,2.02932,1,1,1
2.02956,6.436393814,34.68087659,0.118154978,0.654810612,,2.02944,1,1,1
2.02968,6.436393814,34.68087659,0.118154978,0.654810612,,2.02956,1,1,1
2.0298,6.436393814,34.68087659,0.118154978,0.654810612,,2.02968,1,1,1
2.02992,6.436393814,34.68087659,0.118154978,0.654810612,,2.0298,1,1,1
2.03004,6.436393814,34.68087659,0.118154978,0.654810612,,2.02992,1,1,1
2.03016,6.436393814,34.68087659,0.118154978,0.654810612,,2.03004,1,1,1
2.03028,6.433618861,34.68165504,0.11671129,0.646811935,,2.03016,1,1,1
2.0304,6.433618861,34.68165504,0.11671129,0.646811935,,2.03028,1,1,1
2.03052,6.433618861,34.68165504,0.11671129,0.646811935,,2.0304,1,1,1
2.03064,6.433618861,34.68165504,0.11671129,0.646811935,,2.03052,1,1,1
2.03076,6.433618861,34.68165504,0.11671129,0.646811935,,2.03064,1,1,1
2.03088,6.433618861,34.68165504,0.11671129,0.646811935,,2.03076,1,1,1
2.031,6.433618861,34.68165504,0.11671129,0.646811935,,2.03088,1,1,1
2.03112,6.433618861,34.68165504,0.11671129,0.646811935,,2.031,1,1,1
2.03124,6.433618861,34.68165504,0.11671129,0.646811935,,2.03112,1,1,1
2.03136,6.419421882,34.68208815,0.11600018,0.642876282,,2.03124,1,1,1
2.03148,6.419421882,34.68208815,0.11600018,0.642876282,,2.03136,1,1,1
2.0316,6.419421882,34.68208815,0.11600018,0.642876282,,2.03148,1,1,1
2.03172,6.419421882,34.68208815,0.11600018,0.642876282,,2.0316,1,1,1
2.03184,6.419421882,34.68208815,0.11600018,0.642876282,,2.03172,1,1,1
2.03196,6.419421882,34.68208815,0.11600018,0.642876282,,2.03184,1,1,1
2.03208,6.419421882,34.68208815,0.11600018,0.642876282,,2.03196,0,1,1
2.0322,6.419421882,34.68208815,0.11600018,0.642876282,,2.03208,0,1,1
2.03232,6.409531022,34.68203527,0.116061228,0.643200555,,2.0322,0,1,1
2.03244,6.409531022,34.68203527,0.116061228,0.643200555,,2.03232,0,1,1
2.03256,6.409531022,34.68203527,0.116061228,0.643200555,,2.03244,0,1,1
2.03268,6.409531022,34.68203527,0.116061228,0.643200555,,2.03256,0,1,1
2.0328,6.409531022,34.68203527,0.116061228,0.643200555,,2.03268,0,1,1
2.03292,6.409531022,34.68203527,0.116061228,0.643200555,,2.0328,0,1,1
2.03304,6.409531022,34.68203527,0.116061228,0.643200555,,2.03292,0,1,1
2.03316,6.409531022,34.68203527,0.116061228,0.643200555,,2.03304,0,1,1
2.03328,6.409531022,34.68203527,0.116061228,0.643200555,,2.03316,0,1,1
2.0334,6.404501531,34.68178286,0.116295201,0.644462285,,2.03328,0,1,1
2.03352,6.404501531,34.68178286,0.116295201,0.644462285,,2.0334,0,1,1
2.03364,6.404501531,34.68178286,0.116295201,0.644462285,,2.03352,0,1,1
2.03376,6.404501531,34.68178286,0.116295201,0.644462285,,2.03364,0,1,1
2.03388,6.404501531,34.68178286,0.116295201,0.644462285,,2.03376,0,1,1
2.034,6.404501531,34.68178286,0.116295201,0.644462285,,2.03388,0,1,1
2.03412,6.404501531,34.68178286,0.116295201,0.644462285,,2.034,0,1,1
2.03424,6.404501531,34.68178286,0.116295201,0.644462285,,2.03412,0,1,1
2.03436,6.404501531,34.68178286,0.116295201,0.644462285,,2.03424,0,1,1
2.03448,6.40160281,34.68163593,0.116291449,0.644397774,,2.03436,0,1,1
2.0346,6.40160281,34.68163593,0.116291449,0.644397774,,2.03448,0,1,1
2.03472,6.40160281,34.68163593,0.116291449,0.644397774,,2.0346,0,1,1
2.03484,6.40160281,34.68163593,0.116291449,0.644397774,,2.03472,0,1,1
2.03496,6.40160281,34.68163593,0.116291449,0.644397774,,2.03484,0,1,1
2.03508,6.40160281,34.68163593,0.116291449,0.644397774,,2.03496,0,1,1
2.0352,6.40160281,34.68163593,0.116291449,0.644397774,,2.03508,0,1,1
2.03532,6.40160281,34.68163593,0.116291449,0.644397774,,2.0352,0,1,1
2.03544,6.400378695,34.68170226,0.115822765,0.641749951,,2.03532,0,1,1
2.03556,6.400378695,34.68170226,0.115822765,0.641749951,,2.03544,0,1,1
2.03568,6.400378695,34.68170226,0.115822765,0.641749951,,2.03556,0,1,1
2.0358,6.400378695,34.68170226,0.115822765,0.641749951,,2.03568,0,1,1
2.03592,6.400378695,34.68170226,0.115822765,0.641749951,,2.0358,0,1,1
2.03604,6.400378695,34.68170226,0.115822765,0.641749951,,2.03592,0,1,1
2.03616,6.400378695,34.68170226,0.115822765,0.641749951,,2.03604,0,1,1
2.03628,6.400378695,34.68170226,0.115822765,0.641749951,,2.03616,0,1,1
2.0364,6.400378695,34.68170226,0.115822765,0.641749951,,2.03628,0,1,1
2.03652,6.398833997,34.68213992,0.114765866,0.635847494,,2.0364,0,1,1
2.03664,6.398833997,34.68213992,0.114765866,0.635847494,,2.03652,0,1,1
2.03676,6.398833997,34.68213992,0.114765866,0.635847494,,2.03664,0,1,1
2.03688,6.398833997,34.68213992,0.114765866,0.635847494,,2.03676,0,1,1
2.037,6.398833997,34.68213992,0.114765866,0.635847494,,2.03688,0,1,1
2.03712,6.398833997,34.68213992,0.114765866,0.635847494,,2.037,0,1,1
2.03724,6.398833997,34.68213992,0.114765866,0.635847494,,2.03712,0,1,1
2.03736,6.398833997,34.68213992,0.114765866,0.635847494,,2.03724,0,1,1
2.03748,6.398833997,34.68213992,0.114765866,0.635847494,,2.03736,0,1,1
2.0376,6.407930917,34.68309504,0.112972178,0.625875082,,2.03748,0,1,1
2.03772,6.407930917,34.68309504,0.112972178,0.625875082,,2.0376,0,1,1
2.03784,6.407930917,34.68309504,0.112972178,0.625875082,,2.03772,0,1,1
2.03796,6.407930917,34.68309504,0.112972178,0.625875082,,2.03784,0,1,1
2.03808,6.407930917,34.68309504,0.112972178,0.625875082,,2.03796,0,1,1
2.0382,6.407930917,34.68309504,0.112972178,0.625875082,,2.03808,0,1,1
2.03832,6.407930917,34.68309504,0.112972178,0.625875082,,2.0382,0,1,1
2.03844,6.407930917,34.68309504,0.112972178,0.625875082,,2.03832,0,1,1
2.03856,6.421681427,34.68525115,0.109550807,0.606914946,,2.03844,0,1,1
2.03868,6.421681427,34.68525115,0.109550807,0.606914946,,2.03856,0,1,1
2.0388,6.421681427,34.68525115,0.109550807,0.606914946,,2.03868,0,1,1
2.03892,6.421681427,34.68525115,0.109550807,0.606914946,,2.0388,0,1,1
2.03904,6.421681427,34.68525115,0.109550807,0.606914946,,2.03892,0,1,1
2.03916,6.421681427,34.68525115,0.109550807,0.606914946,,2.03904,0,1,1
2.03928,6.421681427,34.68525115,0.109550807,0.606914946,,2.03916,0,1,1
2.0394,6.421681427,34.68525115,0.109550807,0.606914946,,2.03928,0,1,1
2.03952,6.421681427,34.68525115,0.109550807,0.606914946,,2.0394,0,1,1
2.03964,6.412258017,34.68767489,0.106032248,0.587467186,,2.03952,0,1,1
2.03976,6.412258017,34.68767489,0.106032248,0.587467186,,2.03964,0,1,1
2.03988,6.412258017,34.68767489,0.106032248,0.587467186,,2.03976,0,1,1
2.04,6.412258017,34.68767489,0.106032248,0.587467186,,2.03988,0,1,1
2.04012,6.412258017,34.68767489,0.106032248,0.587467186,,2.04,0,1,1
2.04024,6.412258017,34.68767489,0.106032248,0.587467186,,2.04012,0,1,1
2.04036,6.412258017,34.68767489,0.106032248,0.587467186,,2.04024,0,1,1
2.04048,6.412258017,34.68767489,0.106032248,0.587467186,,2.04036,0,1,1
2.0406,6.412258017,34.68767489,0.106032248,0.587467186,,2.04048,0,1,1
2.04072,6.404895746,34.68945153,0.103751921,0.574905952,,2.0406,0,1,1
2.04084,6.404895746,34.68945153,0.103751921,0.574905952,,2.04072,0,1,1
2.04096,6.404895746,34.68945153,0.103751921,0.574905952,,2.04084,0,0,1
2.04108,6.404895746,34.68945153,0.103751921,0.574905952,,2.04096,0,0,1
2.0412,6.404895746,34.68945153,0.103751921,0.574905952,,2.04108,0,0,1
2.04132,6.404895746,34.68945153,0.103751921,0.574905952,,2.0412,0,0,1
2.04144,6.404895746,34.68945153,0.103751921,0.574905952,,2.04132,0,0,1
2.04156,6.404895746,34.68945153,0.103751921,0.574905952,,2.04144,0,0,1
2.04168,6.397276093,34.69046926,0.10267507,0.569022708,,2.04156,0,0,1
2.0418,6.397276093,34.69046926,0.10267507,0.569022708,,2.04168,0,0,1
2.04192,6.397276093,34.69046926,0.10267507,0.569022708,,2.0418,0,0,1
2.04204,6.397276093,34.69046926,0.10267507,0.569022708,,2.04192,0,0,1
2.04216,6.397276093,34.69046926,0.10267507,0.569022708,,2.04204,0,0,1
2.04228,6.397276093,34.69046926,0.10267507,0.569022708,,2.04216,0,0,1
2.0424,6.397276093,34.69046926,0.10267507,0.569022708,,2.04228,0,0,1
2.04252,6.397276093,34.69046926,0.10267507,0.569022708,,2.0424,0,0,1
2.04264,6.397276093,34.69046926,0.10267507,0.569022708,,2.04252,0,0,1
2.04276,6.389648194,34.69058212,0.102714247,0.569284425,,2.04264,0,0,1
2.04288,6.389648194,34.69058212,0.102714247,0.569284425,,2.04276,0,0,1
2.043,6.389648194,34.69058212,0.102714247,0.569284425,,2.04288,0,0,1
2.04312,6.389648194,34.69058212,0.102714247,0.569284425,,2.043,0,0,1
2.04324,6.389648194,34.69058212,0.102714247,0.569284425,,2.04312,0,0,1
2.04336,6.389648194,34.69058212,0.102714247,0.569284425,,2.04324,0,0,1
2.04348,6.389648194,34.69058212,0.102714247,0.569284425,,2.04336,0,0,1
2.0436,6.389648194,34.69058212,0.102714247,0.569284425,,2.04348,0,0,1
2.04372,6.389648194,34.69058212,0.102714247,0.569284425,,2.0436,0,0,1
2.04384,6.389030348,34.69033775,0.102917781,0.57040632,,2.04372,0,0,1
2.04396,6.389030348,34.69033775,0.102917781,0.57040632,,2.04384,0,0,1
2.04408,6.389030348,34.69033775,0.102917781,0.57040632,,2.04396,0,0,1
2.0442,6.389030348,34.69033775,0.102917781,0.57040632,,2.04408,0,0,1
2.04432,6.389030348,34.69033775,0.102917781,0.57040632,,2.0442,0,0,1
2.04444,6.389030348,34.69033775,0.102917781,0.57040632,,2.04432,0,0,1
2.04456,6.389030348,34.69033775,0.102917781,0.57040632,,2.04444,0,0,1
2.04468,6.389030348,34.69033775,0.102917781,0.57040632,,2.04456,0,0,1
2.0448,6.391084339,34.69026316,0.102707268,0.569214312,,2.04468,0,0,1
2.04492,6.391084339,34.69026316,0.102707268,0.569214312,,2.0448,0,0,1
2.04504,6.391084339,34.69026316,0.102707268,0.569214312,,2.04492,0,0,1
2.04516,6.391084339,34.69026316,0.102707268,0.569214312,,2.04504,0,0,1
2.04528,6.391084339,34.69026316,0.102707268,0.569214312,,2.04516,0,0,1
2.0454,6.391084339,34.69026316,0.102707268,0.569214312,,2.04528,0,0,1
2.04552,6.391084339,34.69026316,0.102707268,0.569214312,,2.0454,0,0,1
2.04564,6.391084339,34.69026316,0.102707268,0.569214312,,2.04552,0,0,1
2.04576,6.391084339,34.69026316,0.102707268,0.569214312,,2.04564,0,0,1
2.04588,6.389766954,34.69052104,0.102066923,0.565643425,,2.04576,0,0,1
2.046,6.389766954,34.69052104,0.102066923,0.565643425,,2.04588,0,0,1
2.04612,6.389766954,34.69052104,0.102066923,0.565643425,,2.046,0,0,1
2.04624,6.389766954,34.69052104,0.102066923,0.565643425,,2.04612,0,0,1
2.04636,6.389766954,34.69052104,0.102066923,0.565643425,,2.04624,0,0,1
2.04648,6.389766954,34.69052104,0.102066923,0.565643425,,2.04636,0,0,1
2.0466,6.389766954,34.69052104,0.102066923,0.565643425,,2.04648,0,0,1
2.04672,6.389766954,34.69052104,0.102066923,0.565643425,,2.0466,0,0,1
2.04684,6.389766954,34.69052104,0.102066923,0.565643425,,2.04672,0,0,1
2.04696,6.384293305,34.69078176,0.101600624,0.563048647,,2.04684,0,0,1
2.04708,6.384293305,34.69078176,0.101600624,0.563048647,,2.04696,0,0,1
2.0472,6.384293305,34.69078176,0.101600624,0.563048647,,2.04708,0,0,1
2.04732,6.384293305,34.69078176,0.101600624,0.563048647,,2.0472,0,0,1
2.04744,6.384293305,34.69078176,0.101600624,0.563048647,,2.04732,0,0,1
2.04756,6.384293305,34.69078176,0.101600624,0.563048647,,2.04744,0,0,1
2.04768,6.384293305,34.69078176,0.101600624,0.563048647,,2.04756,0,0,1
2.0478,6.384293305,34.69078176,0.101600624,0.563048647,,2.04768,0,0,1
2.04792,6.383637649,34.69104304,0.101285169,0.56129785,,2.0478,0,0,1
2.04804,6.383637649,34.69104304,0.101285169,0.56129785,,2.04792,0,0,1
2.04816,6.383637649,34.69104304,0.101285169,0.56129785,,2.04804,0,0,1
2.04828,6.383637649,34.69104304,0.101285169,0.56129785,,2.04816,0,0,1
2.0484,6.383637649,34.69104304,0.101285169,0.56129785,,2.04828,0,0,1
2.04852,6.383637649,34.69104304,0.101285169,0.56129785,,2.0484,0,0,1
2.04864,6.383637649,34.69104304,0.101285169,0.56129785,,2.04852,0,0,1
2.04876,6.383637649,34.69104304,0.101285169,0.56129785,,2.04864,0,0,1
2.04888,6.383637649,34.69104304,0.101285169,0.56129785,,2.04876,0,0,1
2.049,6.377609856,34.69116715,0.101187735,0.560758925,,2.04888,0,0,1
2.04912,6.377609856,34.69116715,0.101187735,0.560758925,,2.049,0,0,1
2.04924,6.377609856,34.69116715,0.101187735,0.560758925,,2.04912,0,0,1
2.04936,6.377609856,34.69116715,0.101187735,0.560758925,,2.04924,0,0,1
2.04948,6.377609856,34.69116715,0.101187735,0.560758925,,2.04936,0,0,1
2.0496,6.377609856,34.69116715,0.101187735,0.560758925,,2.04948,0,0,1
2.04972,6.377609856,34.69116715,0.101187735,0.560758925,,2.0496,0,0,1
2.04984,6.377609856,34.69116715,0.101187735,0.560758925,,2.04972,0,0,1
2.04996,6.377609856,34.69116715,0.101187735,0.560758925,,2.04984,0,0,1
2.05008,6.371591518,34.69093351,0.101486315,0.562395918,,2.04996,0,0,1
2.0502,6.371591518,34.69093351,0.101486315,0.562395918,,2.05008,0,0,1
2.05032,6.371591518,34.69093351,0.101486315,0.562395918,,2.0502,0,0,1
2.05044,6.371591518,34.69093351,0.101486315,0.562395918,,2.05032,0,0,1
2.05056,6.371591518,34.69093351,0.101486315,0.562395918,,2.05044,0,0,1
2.05068,6.371591518,34.69093351,0.101486315,0.562395918,,2.05056,0,0,1
2.0508,6.371591518,34.69093351,0.101486315,0.562395918,,2.05068,0,0,1
2.05092,6.371591518,34.69093351,0.101486315,0.562395918,,2.0508,0,0,1
2.05104,6.371591518,34.69093351,0.101486315,0.562395918,,2.05092,0,0,1
2.05116,6.369291475,34.69059475,0.101757315,0.563862912,,2.05104,0,0,1
2.05128,6.369291475,34.69059475,0.101757315,0.563862912,,2.05116,0,0,1
2.0514,6.369291475,34.69059475,0.101757315,0.563862912,,2.05128,0,0,1
2.05152,6.369291475,34.69059475,0.101757315,0.563862912,,2.0514,1,0,1
2.05164,6.369291475,34.69059475,0.101757315,0.563862912,,2.05152,1,0,1
2.05176,6.369291475,34.69059475,0.101757315,0.563862912,,2.05164,1,0,1
2.05188,6.369291475,34.69059475,0.101757315,0.563862912,,2.05176,1,0,1
2.052,6.369291475,34.69059475,0.101757315,0.563862912,,2.05188,1,0,1
2.05212,6.370523275,34.69046715,0.101580987,0.562834947,,2.052,1,0,1
2.05224,6.370523275,34.69046715,0.101580987,0.562834947,,2.05212,1,0,1
2.05236,6.370523275,34.69046715,0.101580987,0.562834947,,2.05224,1,0,1
2.05248,6.370523275,34.69046715,0.101580987,0.562834947,,2.05236,1,0,1
2.0526,6.370523275,34.69046715,0.101580987,0.562834947,,2.05248,1,0,1
2.05272,6.370523275,34.69046715,0.101580987,0.562834947,,2.0526,1,0,1
2.05284,6.370523275,34.69046715,0.101580987,0.562834947,,2.05272,1,0,1
2.05296,6.370523275,34.69046715,0.101580987,0.562834947,,2.05284,1,0,1
2.05308,6.370523275,34.69046715,0.101580987,0.562834947,,2.05296,1,0,1
2.0532,6.373644475,34.69094168,0.100466254,0.556602208,,2.05308,1,0,1
2.05332,6.373644475,34.69094168,0.100466254,0.556602208,,2.0532,1,0,1
2.05344,6.373644475,34.69094168,0.100466254,0.556602208,,2.05332,1,0,1
2.05356,6.373644475,34.69094168,0.100466254,0.556602208,,2.05344,1,0,1
2.05368,6.373644475,34.69094168,0.100466254,0.556602208,,2.05356,1,0,1
2.0538,6.373644475,34.69094168,0.100466254,0.556602208,,2.05368,1,0,1
2.05392,6.373644475,34.69094168,0.100466254,0.556602208,,2.0538,1,0,1
2.05404,6.373644475,34.69094168,0.100466254,0.556602208,,2.05392,1,0,1
2.05416,6.373644475,34.69094168,0.100466254,0.556602208,,2.05404,1,0,1
2.05428,6.363311516,34.69163716,0.099180511,0.549454922,,2.05416,1,0,1
2.0544,6.363311516,34.69163716,0.099180511,0.549454922,,2.05428,1,0,1
2.05452,6.363311516,34.69163716,0.099180511,0.549454922,,2.0544,1,0,1
2.05464,6.363311516,34.69163716,0.099180511,0.549454922,,2.05452,1,0,1
2.05476,6.363311516,34.69163716,0.099180511,0.549454922,,2.05464,1,0,1
2.05488,6.363311516,34.69163716,0.099180511,0.549454922,,2.05476,1,0,1
2.055,6.363311516,34.69163716,0.099180511,0.549454922,,2.05488,1,0,1
2.05512,6.363311516,34.69163716,0.099180511,0.549454922,,2.055,1,0,1
2.05524,6.357325344,34.69184678,0.098714506,0.54687468,,2.05512,1,0,1
2.05536,6.357325344,34.69184678,0.098714506,0.54687468,,2.05524,1,0,1
2.05548,6.357325344,34.69184678,0.098714506,0.54687468,,2.05536,1,0,1
2.0556,6.357325344,34.69184678,0.098714506,0.54687468,,2.05548,1,0,1
2.05572,6.357325344,34.69184678,0.098714506,0.54687468,,2.0556,1,0,1
2.05584,6.357325344,34.69184678,0.098714506,0.54687468,,2.05572,1,0,1
2.05596,6.357325344,34.69184678,0.098714506,0.54687468,,2.05584,1,0,1
2.05608,6.357325344,34.69184678,0.098714506,0.54687468,,2.05596,1,0,1
2.0562,6.357325344,34.69184678,0.098714506,0.54687468,,2.05608,1,0,1
2.05632,6.362126373,34.69205391,0.098223804,0.544172464,,2.0562,1,0,1
2.05644,6.362126373,34.69205391,0.098223804,0.544172464,,2.05632,1,0,1
2.05656,6.362126373,34.69205391,0.098223804,0.544172464,,2.05644,1,0,1
2.05668,6.362126373,34.69205391,0.098223804,0.544172464,,2.05656,1,0,1
2.0568,6.362126373,34.69205391,0.098223804,0.544172464,,2.05668,1,0,1
2.05692,6.362126373,34.69205391,0.098223804,0.544172464,,2.0568,1,0,1
2.05704,6.362126373,34.69205391,0.098223804,0.544172464,,2.05692,1,0,1
2.05716,6.362126373,34.69205391,0.098223804,0.544172464,,2.05704,1,0,1
2.05728,6.362126373,34.69205391,0.098223804,0.544172464,,2.05716,1,0,1
2.0574,6.355382809,34.69207677,0.098017693,0.543053749,,2.05728,1,0,1
2.05752,6.355382809,34.69207677,0.098017693,0.543053749,,2.0574,1,0,1
2.05764,6.355382809,34.69207677,0.098017693,0.543053749,,2.05752,1,0,1
2.05776,6.355382809,34.69207677,0.098017693,0.543053749,,2.05764,1,0,1
2.05788,6.355382809,34.69207677,0.098017693,0.543053749,,2.05776,1,0,1
2.058,6.355382809,34.69207677,0.098017693,0.543053749,,2.05788,1,0,1
2.05812,6.355382809,34.69207677,0.098017693,0.543053749,,2.058,1,0,1
2.05824,6.355382809,34.69207677,0.098017693,0.543053749,,2.05812,1,0,1
2.05836,6.353346055,34.69175655,0.098291859,0.544573662,,2.05824,1,0,1
2.05848,6.353346055,34.69175655,0.098291859,0.544573662,,2.05836,1,0,1
2.0586,6.353346055,34.69175655,0.098291859,0.544573662,,2.05848,1,0,1
2.05872,6.353346055,34.69175655,0.098291859,0.544573662,,2.0586,1,0,1
2.05884,6.353346055,34.69175655,0.098291859,0.544573662,,2.05872,1,0,1
2.05896,6.353346055,34.69175655,0.098291859,0.544573662,,2.05884,1,0,1
2.05908,6.353346055,34.69175655,0.098291859,0.544573662,,2.05896,1,0,1
2.0592,6.353346055,34.69175655,0.098291859,0.544573662,,2.05908,1,0,1
2.05932,6.353346055,34.69175655,0.098291859,0.544573662,,2.0592,1,0,1
2.05944,6.355002956,34.69152902,0.098502027,0.54573737,,2.05932,1,1,1
2.05956,6.355002956,34.69152902,0.098502027,0.54573737,,2.05944,1,1,1
2.05968,6.355002956,34.69152902,0.098502027,0.54573737,,2.05956,1,1,1
2.0598,6.355002956,34.69152902,0.098502027,0.54573737,,2.05968,1,1,1
2.05992,6.355002956,34.69152902,0.098502027,0.54573737,,2.0598,1,1,1
2.06004,6.355002956,34.69152902,0.098502027,0.54573737,,2.05992,1,1,1
2.06016,6.355002956,34.69152902,0.098502027,0.54573737,,2.06004,1,1,1
2.06028,6.355002956,34.69152902,0.098502027,0.54573737,,2.06016,1,1,1
2.0604,6.355002956,34.69152902,0.098502027,0.54573737,,2.06028,1,1,1
2.06052,6.357426255,34.69145208,0.098562141,0.546062763,,2.0604,1,1,1
2.06064,6.357426255,34.69145208,0.098562141,0.546062763,,2.06052,1,1,1
2.06076,6.357426255,34.69145208,0.098562141,0.546062763,,2.06064,1,1,1
2.06088,6.357426255,34.69145208,0.098562141,0.546062763,,2.06076,1,1,1
2.061,6.357426255,34.69145208,0.098562141,0.546062763,,2.06088,1,1,1
2.06112,6.357426255,34.69145208,0.098562141,0.546062763,,2.061,1,1,1
2.06124,6.357426255,34.69145208,0.098562141,0.546062763,,2.06112,1,1,1
2.06136,6.357426255,34.69145208,0.098562141,0.546062763,,2.06124,1,1,1
2.06148,6.363481889,34.69181843,0.097946634,0.542628275,,2.06136,1,1,1
2.0616,6.363481889,34.69181843,0.097946634,0.542628275,,2.06148,1,1,1
2.06172,6.363481889,34.69181843,0.097946634,0.542628275,,2.0616,1,1,1
2.06184,6.363481889,34.69181843,0.097946634,0.542628275,,2.06172,1,1,1
2.06196,6.363481889,34.69181843,0.097946634,0.542628275,,2.06184,1,1,1
2.06208,6.363481889,34.69181843,0.097946634,0.542628275,,2.06196,1,1,1
2.0622,6.363481889,34.69181843,0.097946634,0.542628275,,2.06208,1,1,1
2.06232,6.363481889,34.69181843,0.097946634,0.542628275,,2.0622,1,1,1
2.06244,6.363481889,34.69181843,0.097946634,0.542628275,,2.06232,1,1,1
2.06256,6.369914399,34.69265935,0.096613552,0.535228607,,2.06244,1,1,1
2.06268,6.369914399,34.69265935,0.096613552,0.535228607,,2.06256,1,1,1
2.0628,6.369914399,34.69265935,0.096613552,0.535228607,,2.06268,1,1,1
2.06292,6.369914399,34.69265935,0.096613552,0.535228607,,2.0628,1,1,0
2.06304,6.369914399,34.69265935,0.096613552,0.535228607,,2.06292,1,1,0
2.06316,6.369914399,34.69265935,0.096613552,0.535228607,,2.06304,1,1,0
2.06328,6.369914399,34.69265935,0.096613552,0.535228607,,2.06316,1,1,0
2.0634,6.369914399,34.69265935,0.096613552,0.535228607,,2.06328,1,1,0
2.06352,6.369914399,34.69265935,0.096613552,0.535228607,,2.0634,1,1,0
2.06364,6.388670476,34.69420939,0.094175043,0.521733105,,2.06352,1,1,0
2.06376,6.388670476,34.69420939,0.094175043,0.521733105,,2.06364,1,1,0
2.06388,6.388670476,34.69420939,0.094175043,0.521733105,,2.06376,1,1,0
2.064,6.388670476,34.69420939,0.094175043,0.521733105,,2.06388,1,1,0
2.06412,6.388670476,34.69420939,0.094175043,0.521733105,,2.064,1,1,0
2.06424,6.388670476,34.69420939,0.094175043,0.521733105,,2.06412,1,1,0
2.06436,6.388670476,34.69420939,0.094175043,0.521733105,,2.06424,1,1,0
2.06448,6.388670476,34.69420939,0.094175043,0.521733105,,2.06436,1,1,0
2.0646,6.390098279,34.69630877,0.090922438,0.503787586,,2.06448,1,1,0
2.06472,6.390098279,34.69630877,0.090922438,0.503787586,,2.0646,1,1,0
2.06484,6.390098279,34.69630877,0.090922438,0.503787586,,2.06472,1,1,0
2.06496,6.390098279,34.69630877,0.090922438,0.503787586,,2.06484,1,1,0
2.06508,6.390098279,34.69630877,0.090922438,0.503787586,,2.06496,1,1,0
2.0652,6.390098279,34.69630877,0.090922438,0.503787586,,2.06508,1,1,0
2.06532,6.390098279,34.69630877,0.090922438,0.503787586,,2.0652,1,1,0
2.06544,6.390098279,34.69630877,0.090922438,0.503787586,,2.06532,1,1,0
2.06556,6.390098279,34.69630877,0.090922438,0.503787586,,2.06544,1,1,0
2.06568,6.361614265,34.69721703,0.089509412,0.496030495,,2.06556,1,1,0
2.0658,6.361614265,34.69721703,0.089509412,0.496030495,,2.06568,1,1,0
2.06592,6.361614265,34.69721703,0.089509412,0.496030495,,2.0658,1,1,0
2.06604,6.361614265,34.69721703,0.089509412,0.496030495,,2.06592,1,1,0
2.06616,6.361614265,34.69721703,0.089509412,0.496030495,,2.06604,1,1,0
2.06628,6.361614265,34.69721703,0.089509412,0.496030495,,2.06616,1,1,0
2.0664,6.361614265,34.69721703,0.089509412,0.496030495,,2.06628,1,1,0
2.06652,6.361614265,34.69721703,0.089509412,0.496030495,,2.0664,1,1,0
2.06664,6.361614265,34.69721703,0.089509412,0.496030495,,2.06652,1,1,0
2.06676,6.36303086,34.69729507,0.089351637,0.495171718,,2.06664,1,1,0
2.06688,6.36303086,34.69729507,0.089351637,0.495171718,,2.06676,1,1,0
2.067,6.36303086,34.69729507,0.089351637,0.495171718,,2.06688,1,1,0
2.06712,6.36303086,34.69729507,0.089351637,0.495171718,,2.067,1,1,0
2.06724,6.36303086,34.69729507,0.089351637,0.495171718,,2.06712,1,1,0
2.06736,6.36303086,34.69729507,0.089351637,0.495171718,,2.06724,1,1,0
2.06748,6.36303086,34.69729507,0.089351637,0.495171718,,2.06736,1,1,0
2.0676,6.36303086,34.69729507,0.089351637,0.495171718,,2.06748,1,1,0
2.06772,6.365892075,34.69752899,0.089210808,0.494447737,,2.0676,1,1,0
2.06784,6.365892075,34.69752899,0.089210808,0.494447737,,2.06772,1,1,0
2.06796,6.365892075,34.69752899,0.089210808,0.494447737,,2.06784,1,1,0
2.06808,6.365892075,34.69752899,0.089210808,0.494447737,,2.06796,1,1,0
2.0682,6.365892075,34.69752899,0.089210808,0.494447737,,2.06808,1,1,0
2.06832,6.365892075,34.69752899,0.089210808,0.494447737,,2.0682,1,1,0
2.06844,6.365892075,34.69752899,0.089210808,0.494447737,,2.06832,1,1,0
2.06856,6.365892075,34.69752899,0.089210808,0.494447737,,2.06844,1,1,0
2.06868,6.365892075,34.69752899,0.089210808,0.494447737,,2.06856,1,1,0
2.0688,6.36986274,34.69766445,0.089180858,0.494297686,,2.06868,1,1,0
2.06892,6.36986274,34.69766445,0.089180858,0.494297686,,2.0688,1,1,0
2.06904,6.36986274,34.69766445,0.089180858,0.494297686,,2.06892,1,1,0
2.06916,6.36986274,34.69766445,0.089180858,0.494297686,,2.06904,1,1,0
2.06928,6.36986274,34.69766445,0.089180858,0.494297686,,2.06916,1,1,0
2.0694,6.36986274,34.69766445,0.089180858,0.494297686,,2.06928,1,1,0
2.06952,6.36986274,34.69766445,0.089180858,0.494297686,,2.0694,1,1,0
2.06964,6.36986274,34.69766445,0.089180858,0.494297686,,2.06952,1,1,0
2.06976,6.36986274,34.69766445,0.089180858,0.494297686,,2.06964,1,1,0
2.06988,6.368113288,34.69809163,0.088531456,0.490684492,,2.06976,1,1,0
2.07,6.368113288,34.69809163,0.088531456,0.490684492,,2.06988,1,1,0
2.07012,6.368113288,34.69809163,0.088531456,0.490684492,,2.07,1,1,0
2.07024,6.368113288,34.69809163,0.088531456,0.490684492,,2.07012,1,1,0
2.07036,6.368113288,34.69809163,0.088531456,0.490684492,,2.07024,1,1,0
2.07048,6.368113288,34.69809163,0.088531456,0.490684492,,2.07036,1,1,0
2.0706,6.368113288,34.69809163,0.088531456,0.490684492,,2.07048,1,1,0
2.07072,6.368113288,34.69809163,0.088531456,0.490684492,,2.0706,1,1,0
2.07084,6.360789718,34.69814629,0.08854139,0.490746003,,2.07072,1,1,0
2.07096,6.360789718,34.69814629,0.08854139,0.490746003,,2.07084,1,1,0
2.07108,6.360789718,34.69814629,0.08854139,0.490746003,,2.07096,1,1,0
2.0712,6.360789718,34.69814629,0.08854139,0.490746003,,2.07108,1,1,0
2.07132,6.360789718,34.69814629,0.08854139,0.490746003,,2.0712,1,1,0
2.07144,6.360789718,34.69814629,0.08854139,0.490746003,,2.07132,1,1,0
2.07156,6.360789718,34.69814629,0.08854139,0.490746003,,2.07144,1,1,0
2.07168,6.360789718,34.69814629,0.08854139,0.490746003,,2.07156,1,1,0
2.0718,6.360789718,34.69814629,0.08854139,0.490746003,,2.07168,1,1,0
2.07192,6.366949306,34.69820305,0.088515282,0.490602088,,2.0718,1,1,0
2.07204,6.366949306,34.69820305,0.088515282,0.490602088,,2.07192,1,1,0
2.07216,6.366949306,34.69820305,0.088515282,0.490602088,,2.07204,1,1,0
2.07228,6.366949306,34.69820305,0.088515282,0.490602088,,2.07216,1,1,0
2.0724,6.366949306,34.69820305,0.088515282,0.490602088,,2.07228,1,1,0
2.07252,6.366949306,34.69820305,0.088515282,0.490602088,,2.0724,1,1,0
2.07264,6.366949306,34.69820305,0.088515282,0.490602088,,2.07252,1,1,0
2.07276,6.366949306,34.69820305,0.088515282,0.490602088,,2.07264,1,1,0
2.07288,6.366949306,34.69820305,0.088515282,0.490602088,,2.07276,1,1,0
2.073,6.362628367,34.69830374,0.088300647,0.489411359,,2.07288,1,1,0
2.07312,6.362628367,34.69830374,0.088300647,0.489411359,,2.073,1,1,0
2.07324,6.362628367,34.69830374,0.088300647,0.489411359,,2.07312,1,1,0
2.07336,6.362628367,34.69830374,0.088300647,0.489411359,,2.07324,1,1,0
2.07348,6.362628367,34.69830374,0.088300647,0.489411359,,2.07336,1,1,0
2.0736,6.362628367,34.69830374,0.088300647,0.489411359,,2.07348,1,1,0
2.07372,6.362628367,34.69830374,0.088300647,0.489411359,,2.0736,1,1,0
2.07384,6.362628367,34.69830374,0.088300647,0.489411359,,2.07372,1,1,0
2.07396,6.359459031,34.69829219,0.088342259,0.489623046,,2.07384,1,1,0
2.07408,6.359459031,34.69829219,0.088342259,0.489623046,,2.07396,1,1,0
2.0742,6.359459031,34.69829219,0.088342259,0.489623046,,2.07408,1,1,0
2.07432,6.359459031,34.69829219,0.088342259,0.489623046,,2.0742,1,1,0
2.07444,6.359459031,34.69829219,0.088342259,0.489623046,,2.07432,1,1,0
2.07456,6.359459031,34.69829219,0.088342259,0.489623046,,2.07444,1,1,0
2.07468,6.359459031,34.69829219,0.088342259,0.489623046,,2.07456,1,1,1
2.0748,6.359459031,34.69829219,0.088342259,0.489623046,,2.07468,1,1,1
2.07492,6.359459031,34.69829219,0.088342259,0.489623046,,2.0748,1,1,1
2.07504,6.361638497,34.69847884,0.088151322,0.488546347,,2.07492,1,1,1
2.07516,6.361638497,34.69847884,0.088151322,0.488546347,,2.07504,1,1,1
2.07528,6.361638497,34.69847884,0.088151322,0.488546347,,2.07516,1,1,1
2.0754,6.361638497,34.69847884,0.088151322,0.488546347,,2.07528,1,1,1
2.07552,6.361638497,34.69847884,0.088151322,0.488546347,,2.0754,1,1,1
2.07564,6.361638497,34.69847884,0.088151322,0.488546347,,2.07552,1,1,1
2.07576,6.361638497,34.69847884,0.088151322,0.488546347,,2.07564,1,1,1
2.07588,6.361638497,34.69847884,0.088151322,0.488546347,,2.07576,1,1,1
2.076,6.361638497,34.69847884,0.088151322,0.488546347,,2.07588,1,1,1
2.07612,6.360902513,34.69880879,0.087785807,0.486510701,,2.076,1,1,1
2.07624,6.360902513,34.69880879,0.087785807,0.486510701,,2.07612,1,1,1
2.07636,6.360902513,34.69880879,0.087785807,0.486510701,,2.07624,1,1,1
2.07648,6.360902513,34.69880879,0.087785807,0.486510701,,2.07636,1,1,1
2.0766,6.360902513,34.69880879,0.087785807,0.486510701,,2.07648,1,1,1
2.07672,6.360902513,34.69880879,0.087785807,0.486510701,,2.0766,1,1,1
2.07684,6.360902513,34.69880879,0.087785807,0.486510701,,2.07672,1,1,1
2.07696,6.360902513,34.69880879,0.087785807,0.486510701,,2.07684,1,1,1
2.07708,6.360902513,34.69880879,0.087785807,0.486510701,,2.07696,1,1,1
2.0772,6.360008841,34.69918569,0.08730439,0.483828126,,2.07708,1,1,1
2.07732,6.360008841,34.69918569,0.08730439,0.483828126,,2.0772,1,1,1
2.07744,6.360008841,34.69918569,0.08730439,0.483828126,,2.07732,1,1,1
2.07756,6.360008841,34.69918569,0.08730439,0.483828126,,2.07744,1,1,1
2.07768,6.360008841,34.69918569,0.08730439,0.483828126,,2.07756,1,1,1
2.0778,6.360008841,34.69918569,0.08730439,0.483828126,,2.07768,1,1,1
2.07792,6.360008841,34.69918569,0.08730439,0.483828126,,2.0778,1,1,1
2.07804,6.360008841,34.69918569,0.08730439,0.483828126,,2.07792,1,1,1
2.07816,6.357089279,34.69953157,0.086807814,0.481067081,,2.07804,1,1,1
2.07828,6.357089279,34.69953157,0.086807814,0.481067081,,2.07816,1,1,1
2.0784,6.357089279,34.69953157,0.086807814,0.481067081,,2.07828,1,1,1
2.07852,6.357089279,34.69953157,0.086807814,0.481067081,,2.0784,1,1,1
2.07864,6.357089279,34.69953157,0.086807814,0.481067081,,2.07852,1,1,1
2.07876,6.357089279,34.69953157,0.086807814,0.481067081,,2.07864,1,1,1
2.07888,6.357089279,34.69953157,0.086807814,0.481067081,,2.07876,1,1,1
2.079,6.357089279,34.69953157,0.086807814,0.481067081,,2.07888,1,1,1
2.07912,6.357089279,34.69953157,0.086807814,0.481067081,,2.079,1,1,1
2.07924,6.35341223,34.69974172,0.086495095,0.479329382,,2.07912,1,1,1
2.07936,6.35341223,34.69974172,0.086495095,0.479329382,,2.07924,1,1,1
2.07948,6.35341223,34.69974172,0.086495095,0.479329382,,2.07936,1,1,1
2.0796,6.35341223,34.69974172,0.086495095,0.479329382,,2.07948,1,1,1
2.07972,6.35341223,34.69974172,0.086495095,0.479329382,,2.0796,1,1,1
2.07984,6.35341223,34.69974172,0.086495095,0.479329382,,2.07972,1,1,1
2.07996,6.35341223,34.69974172,0.086495095,0.479329382,,2.07984,1,1,1
2.08008,6.35341223,34.69974172,0.086495095,0.479329382,,2.07996,1,1,1
2.0802,6.35341223,34.69974172,0.086495095,0.479329382,,2.08008,1,1,1
2.08032,6.350163497,34.69980253,0.086400354,0.47879534,,2.0802,1,1,1
2.08044,6.350163497,34.69980253,0.086400354,0.47879534,,2.08032,1,1,1
2.08056,6.350163497,34.69980253,0.086400354,0.47879534,,2.08044,1,1,1
2.08068,6.350163497,34.69980253,0.086400354,0.47879534,,2.08056,1,1,1
2.0808,6.350163497,34.69980253,0.086400354,0.47879534,,2.08068,1,1,1
2.08092,6.350163497,34.69980253,0.086400354,0.47879534,,2.0808,1,1,1
2.08104,6.350163497,34.69980253,0.086400354,0.47879534,,2.08092,1,1,1
2.08116,6.350163497,34.69980253,0.086400354,0.47879534,,2.08104,1,1,1
2.08128,6.362226592,34.70014297,0.085973034,0.476418877,,2.08116,1,1,1
2.0814,6.362226592,34.70014297,0.085973034,0.476418877,,2.08128,1,1,1
2.08152,6.362226592,34.70014297,0.085973034,0.476418877,,2.0814,1,1,1
2.08164,6.362226592,34.70014297,0.085973034,0.476418877,,2.08152,1,1,1
2.08176,6.362226592,34.70014297,0.085973034,0.476418877,,2.08164,0,1,1
2.08188,6.362226592,34.70014297,0.085973034,0.476418877,,2.08176,0,1,1
2.082,6.362226592,34.70014297,0.085973034,0.476418877,,2.08188,0,1,1
2.08212,6.362226592,34.70014297,0.085973034,0.476418877,,2.082,0,1,1
2.08224,6.362226592,34.70014297,0.085973034,0.476418877,,2.08212,0,1,1
2.08236,6.38798335,34.70159781,0.084126178,0.466247316,,2.08224,0,1,1
2.08248,6.38798335,34.70159781,0.084126178,0.466247316,,2.08236,0,1,1
2.0826,6.38798335,34.70159781,0.084126178,0.466247316,,2.08248,0,1,1
2.08272,6.38798335,34.70159781,0.084126178,0.466247316,,2.0826,0,1,1
2.08284,6.38798335,34.70159781,0.084126178,0.466247316,,2.08272,0,1,1
2.08296,6.38798335,34.70159781,0.084126178,0.466247316,,2.08284,0,1,1
2.08308,6.38798335,34.70159781,0.084126178,0.466247316,,2.08296,0,1,1
2.0832,6.38798335,34.70159781,0.084126178,0.466247316,,2.08308,0,1,1
2.08332,6.38798335,34.70159781,0.084126178,0.466247316,,2.0832,0,1,1
2.08344,6.381137374,34.70311616,0.082473643,0.457229643,,2.08332,0,1,1
2.08356,6.381137374,34.70311616,0.082473643,0.457229643,,2.08344,0,1,1
2.08368,6.381137374,34.70311616,0.082473643,0.457229643,,2.08356,0,1,1
2.0838,6.381137374,34.70311616,0.082473643,0.457229643,,2.08368,0,1,1
2.08392,6.381137374,34.70311616,0.082473643,0.457229643,,2.0838,0,1,1
2.08404,6.381137374,34.70311616,0.082473643,0.457229643,,2.08392,0,1,1
2.08416,6.381137374,34.70311616,0.082473643,0.457229643,,2.08404,0,1,1
2.08428,6.381137374,34.70311616,0.082473643,0.457229643,,2.08416,0,1,1
2.0844,6.372762896,34.70282741,0.082129283,0.455374367,,2.08428,0,1,1
2.08452,6.372762896,34.70282741,0.082129283,0.455374367,,2.0844,0,1,1
2.08464,6.372762896,34.70282741,0.082129283,0.455374367,,2.08452,0,1,1
2.08476,6.372762896,34.70282741,0.082129283,0.455374367,,2.08464,0,1,1
2.08488,6.372762896,34.70282741,0.082129283,0.455374367,,2.08476,0,1,1
2.085,6.372762896,34.70282741,0.082129283,0.455374367,,2.08488,0,1,1
2.08512,6.372762896,34.70282741,0.082129283,0.455374367,,2.085,0,1,1
2.08524,6.372762896,34.70282741,0.082129283,0.455374367,,2.08512,0,1,1
2.08536,6.372762896,34.70282741,0.082129283,0.455374367,,2.08524,0,1,1
2.08548,6.369512558,34.72707406,0.082367166,0.456742994,,2.08536,0,1,1
2.0856,6.369512558,34.72707406,0.082367166,0.456742994,,2.08548,0,1,1
2.08572,6.369512558,34.72707406,0.082367166,0.456742994,,2.0856,0,1,1
2.08584,6.369512558,34.72707406,0.082367166,0.456742994,,2.08572,0,1,1
2.08596,6.369512558,34.72707406,0.082367166,0.456742994,,2.08584,0,1,1
2.08608,6.369512558,34.72707406,0.082367166,0.456742994,,2.08596,0,1,1
2.0862,6.369512558,34.72707406,0.082367166,0.456742994,,2.08608,0,0,1
2.08632,6.369512558,34.72707406,0.082367166,0.456742994,,2.0862,0,0,1
2.08644,6.369512558,34.72707406,0.082367166,0.456742994,,2.08632,0,0,1
2.08656,6.397692515,34.93271467,0.084727847,0.469906714,,2.08644,0,0,1
2.08668,6.397692515,34.93271467,0.084727847,0.469906714,,2.08656,0,0,1
2.0868,6.397692515,34.93271467,0.084727847,0.469906714,,2.08668,0,0,1
2.08692,6.397692515,34.93271467,0.084727847,0.469906714,,2.0868,0,0,1
2.08704,6.397692515,34.93271467,0.084727847,0.469906714,,2.08692,0,0,1
2.08716,6.397692515,34.93271467,0.084727847,0.469906714,,2.08704,0,0,1
2.08728,6.397692515,34.93271467,0.084727847,0.469906714,,2.08716,0,0,1
2.0874,6.397692515,34.93271467,0.084727847,0.469906714,,2.08728,0,0,1
2.08752,6.496410923,35.38171183,0.086445412,0.479406211,,2.0874,0,0,1
2.08764,6.496410923,35.38171183,0.086445412,0.479406211,,2.08752,0,0,1
2.08776,6.496410923,35.38171183,0.086445412,0.479406211,,2.08764,0,0,1
2.08788,6.496410923,35.38171183,0.086445412,0.479406211,,2.08776,0,0,1
2.088,6.496410923,35.38171183,0.086445412,0.479406211,,2.08788,0,0,1
2.08812,6.496410923,35.38171183,0.086445412,0.479406211,,2.088,0,0,1
2.08824,6.496410923,35.38171183,0.086445412,0.479406211,,2.08812,0,0,1
2.08836,6.496410923,35.38171183,0.086445412,0.479406211,,2.08824,0,0,1
2.08848,6.496410923,35.38171183,0.086445412,0.479406211,,2.08836,0,0,1
2.0886,6.557478699,35.99047523,0.088787218,0.492295198,,2.08848,0,0,1
2.08872,6.557478699,35.99047523,0.088787218,0.492295198,,2.0886,0,0,1
2.08884,6.557478699,35.99047523,0.088787218,0.492295198,,2.08872,0,0,1
2.08896,6.557478699,35.99047523,0.088787218,0.492295198,,2.08884,0,0,1
2.08908,6.557478699,35.99047523,0.088787218,0.492295198,,2.08896,0,0,1
2.0892,6.557478699,35.99047523,0.088787218,0.492295198,,2.08908,0,0,1
2.08932,6.557478699,35.99047523,0.088787218,0.492295198,,2.0892,0,0,1
2.08944,6.557478699,35.99047523,0.088787218,0.492295198,,2.08932,0,0,1
2.08956,6.557478699,35.99047523,0.088787218,0.492295198,,2.08944,0,0,1
2.08968,6.634338609,36.58641788,0.094632041,0.524439655,,2.08956,0,0,1
2.0898,6.634338609,36.58641788,0.094632041,0.524439655,,2.08968,0,0,1
2.08992,6.634338609,36.58641788,0.094632041,0.524439655,,2.0898,0,0,1
2.09004,6.634338609,36.58641788,0.094632041,0.524439655,,2.08992,0,0,1
2.09016,6.634338609,36.58641788,0.094632041,0.524439655,,2.09004,0,0,1
2.09028,6.634338609,36.58641788,0.094632041,0.524439655,,2.09016,0,0,1
2.0904,6.634338609,36.58641788,0.094632041,0.524439655,,2.09028,0,0,1
2.09052,6.634338609,36.58641788,0.094632041,0.524439655,,2.0904,0,0,1
2.09064,6.739679518,37.00464627,0.098666007,0.546504915,,2.09052,0,0,1
2.09076,6.739679518,37.00464627,0.098666007,0.546504915,,2.09064,0,0,1
2.09088,6.739679518,37.00464627,0.098666007,0.546504915,,2.09076,0,0,1
2.091,6.739679518,37.00464627,0.098666007,0.546504915,,2.09088,0,0,1
2.09112,6.739679518,37.00464627,0.098666007,0.546504915,,2.091,0,0,1
2.09124,6.739679518,37.00464627,0.098666007,0.546504915,,2.09112,0,0,1
2.09136,6.739679518,37.00464627,0.098666007,0.546504915,,2.09124,0,0,1
2.09148,6.739679518,37.00464627,0.098666007,0.546504915,,2.09136,0,0,1
2.0916,6.739679518,37.00464627,0.098666007,0.546504915,,2.09148,0,0,1
2.09172,6.766588799,37.18652409,0.100645384,0.55720653,,2.0916,0,0,1
2.09184,6.766588799,37.18652409,0.100645384,0.55720653,,2.09172,0,0,1
2.09196,6.766588799,37.18652409,0.100645384,0.55720653,,2.09184,0,0,1
2.09208,6.766588799,37.18652409,0.100645384,0.55720653,,2.09196,0,0,1
2.0922,6.766588799,37.18652409,0.100645384,0.55720653,,2.09208,0,0,1
2.09232,6.766588799,37.18652409,0.100645384,0.55720653,,2.0922,0,0,1
2.09244,6.766588799,37.18652409,0.100645384,0.55720653,,2.09232,0,0,1
2.09256,6.766588799,37.18652409,0.100645384,0.55720653,,2.09244,0,0,1
2.09268,6.766588799,37.18652409,0.100645384,0.55720653,,2.09256,0,0,1
2.0928,6.769559079,37.20603578,0.101075304,0.559298802,,2.09268,0,0,1
2.09292,6.769559079,37.20603578,0.101075304,0.559298802,,2.0928,0,0,1
2.09304,6.769559079,37.20603578,0.101075304,0.559298802,,2.09292,0,0,1
2.09316,6.769559079,37.20603578,0.101075304,0.559298802,,2.09304,0,0,1
2.09328,6.769559079,37.20603578,0.101075304,0.559298802,,2.09316,0,0,1
2.0934,6.769559079,37.20603578,0.101075304,0.559298802,,2.09328,0,0,1
2.09352,6.769559079,37.20603578,0.101075304,0.559298802,,2.0934,0,0,1
2.09364,6.769559079,37.20603578,0.101075304,0.559298802,,2.09352,0,0,1
2.09376,6.771182206,37.23555106,0.099440271,0.550018942,,2.09364,0,0,1
2.09388,6.771182206,37.23555106,0.099440271,0.550018942,,2.09376,0,0,1
2.094,6.771182206,37.23555106,0.099440271,0.550018942,,2.09388,0,0,1
2.09412,6.771182206,37.23555106,0.099440271,0.550018942,,2.094,0,0,1
2.09424,6.771182206,37.23555106,0.099440271,0.550018942,,2.09412,0,0,1
2.09436,6.771182206,37.23555106,0.099440271,0.550018942,,2.09424,0,0,1
2.09448,6.771182206,37.23555106,0.099440271,0.550018942,,2.09436,0,0,1
2.0946,6.771182206,37.23555106,0.099440271,0.550018942,,2.09448,0,0,1
2.09472,6.771182206,37.23555106,0.099440271,0.550018942,,2.0946,0,0,1
2.09484,6.766174865,37.44316852,0.097688993,0.540296689,,2.09472,0,0,1
2.09496,6.766174865,37.44316852,0.097688993,0.540296689,,2.09484,0,0,0
2.09508,6.766174865,37.44316852,0.097688993,0.540296689,,2.09496,0,0,0
2.0952,6.766174865,37.44316852,0.097688993,0.540296689,,2.09508,0,0,0
2.09532,6.766174865,37.44316852,0.097688993,0.540296689,,2.0952,0,0,0
2.09544,6.766174865,37.44316852,0.097688993,0.540296689,,2.09532,0,0,0
2.09556,6.766174865,37.44316852,0.097688993,0.540296689,,2.09544,0,0,0
2.09568,6.766174865,37.44316852,0.097688993,0.540296689,,2.09556,0,0,0
2.0958,6.766174865,37.44316852,0.097688993,0.540296689,,2.09568,0,0,0
2.09592,6.818866245,37.89090781,0.099322057,0.549492783,,2.0958,0,0,0
2.09604,6.818866245,37.89090781,0.099322057,0.549492783,,2.09592,0,0,0
2.09616,6.818866245,37.89090781,0.099322057,0.549492783,,2.09604,0,0,0
2.09628,6.818866245,37.89090781,0.099322057,0.549492783,,2.09616,0,0,0
2.0964,6.818866245,37.89090781,0.099322057,0.549492783,,2.09628,0,0,0
2.09652,6.818866245,37.89090781,0.099322057,0.549492783,,2.0964,0,0,0
2.09664,6.818866245,37.89090781,0.099322057,0.549492783,,2.09652,0,0,0
2.09676,6.818866245,37.89090781,0.099322057,0.549492783,,2.09664,0,0,0
2.09688,6.929281016,38.50205842,0.101300232,0.560551974,,2.09676,0,0,0
2.097,6.929281016,38.50205842,0.101300232,0.560551974,,2.09688,0,0,0
2.09712,6.929281016,38.50205842,0.101300232,0.560551974,,2.097,0,0,0
2.09724,6.929281016,38.50205842,0.101300232,0.560551974,,2.09712,0,0,0
2.09736,6.929281016,38.50205842,0.101300232,0.560551974,,2.09724,0,0,0
2.09748,6.929281016,38.50205842,0.101300232,0.560551974,,2.09736,0,0,0
2.0976,6.929281016,38.50205842,0.101300232,0.560551974,,2.09748,0,0,0
2.09772,6.929281016,38.50205842,0.101300232,0.560551974,,2.0976,0,0,0
2.09784,6.929281016,38.50205842,0.101300232,0.560551974,,2.09772,0,0,0
2.09796,6.974339058,39.09882763,0.106138141,0.587347777,,2.09784,0,0,0
2.09808,6.974339058,39.09882763,0.106138141,0.587347777,,2.09796,0,0,0
2.0982,6.974339058,39.09882763,0.106138141,0.587347777,,2.09808,0,0,0
2.09832,6.974339058,39.09882763,0.106138141,0.587347777,,2.0982,0,0,0
2.09844,6.974339058,39.09882763,0.106138141,0.587347777,,2.09832,0,0,0
2.09856,6.974339058,39.09882763,0.106138141,0.587347777,,2.09844,0,0,0
2.09868,6.974339058,39.09882763,0.106138141,0.587347777,,2.09856,0,0,0
2.0988,6.974339058,39.09882763,0.106138141,0.587347777,,2.09868,0,0,0
2.09892,6.974339058,39.09882763,0.106138141,0.587347777,,2.0988,0,0,0
2.09904,7.058812887,39.5166494,0.112759817,0.62384901,,2.09892,0,0,0
2.09916,7.058812887,39.5166494,0.112759817,0.62384901,,2.09904,0,0,0
2.09928,7.058812887,39.5166494,0.112759817,0.62384901,,2.09916,0,0,0
2.0994,7.058812887,39.5166494,0.112759817,0.62384901,,2.09928,0,0,0
2.09952,7.058812887,39.5166494,0.112759817,0.62384901,,2.0994,0,0,0
2.09964,7.058812887,39.5166494,0.112759817,0.62384901,,2.09952,0,0,0
2.09976,7.058812887,39.5166494,0.112759817,0.62384901,,2.09964,0,0,0
2.09988,7.058812887,39.5166494,0.112759817,0.62384901,,2.09976,0,0,0
2.1,7.115286947,39.6983349,0.116159407,0.642490162,,2.09988,0,0,0
2.10012,7.115286947,39.6983349,0.116159407,0.642490162,,2.1,0,0,0
2.10024,7.115286947,39.6983349,0.116159407,0.642490162,,2.10012,0,0,0
2.10036,7.115286947,39.6983349,0.116159407,0.642490162,,2.10024,0,0,0
2.10048,7.115286947,39.6983349,0.116159407,0.642490162,,2.10036,0,0,0
2.1006,7.115286947,39.6983349,0.116159407,0.642490162,,2.10048,0,0,0
2.10072,7.115286947,39.6983349,0.116159407,0.642490162,,2.1006,0,0,0
2.10084,7.115286947,39.6983349,0.116159407,0.642490162,,2.10072,0,0,0
2.10096,7.115286947,39.6983349,0.116159407,0.642490162,,2.10084,0,0,0
2.10108,7.129507353,39.71904365,0.117083864,0.647467776,,2.10096,0,0,0
2.1012,7.129507353,39.71904365,0.117083864,0.647467776,,2.10108,0,0,0
2.10132,7.129507353,39.71904365,0.117083864,0.647467776,,2.1012,0,0,0
2.10144,7.129507353,39.71904365,0.117083864,0.647467776,,2.10132,0,0,0
2.10156,7.129507353,39.71904365,0.117083864,0.647467776,,2.10144,0,0,0
2.10168,7.129507353,39.71904365,0.117083864,0.647467776,,2.10156,0,0,0
2.1018,7.129507353,39.71904365,0.117083864,0.647467776,,2.10168,0,0,0
2.10192,7.129507353,39.71904365,0.117083864,0.647467776,,2.1018,0,0,0
2.10204,7.129507353,39.71904365,0.117083864,0.647467776,,2.10192,0,0,0
2.10216,7.127854443,39.72322642,0.116733281,0.645480403,,2.10204,0,0,0
2.10228,7.127854443,39.72322642,0.116733281,0.645480403,,2.10216,0,0,0
2.1024,7.127854443,39.72322642,0.116733281,0.645480403,,2.10228,0,0,0
2.10252,7.127854443,39.72322642,0.116733281,0.645480403,,2.1024,0,0,0
2.10264,7.127854443,39.72322642,0.116733281,0.645480403,,2.10252,0,0,0
2.10276,7.127854443,39.72322642,0.116733281,0.645480403,,2.10264,0,0,0
2.10288,7.127854443,39.72322642,0.116733281,0.645480403,,2.10276,0,0,0
2.103,7.127854443,39.72322642,0.116733281,0.645480403,,2.10288,0,0,0
2.10312,7.127854443,39.72322642,0.116733281,0.645480403,,2.103,0,0,0
2.10324,7.11955665,39.72203723,0.116411317,0.64370002,,2.10312,0,0,0
2.10336,7.11955665,39.72203723,0.116411317,0.64370002,,2.10324,0,0,0
2.10348,7.11955665,39.72203723,0.116411317,0.64370002,,2.10336,0,0,0
2.1036,7.11955665,39.72203723,0.116411317,0.64370002,,2.10348,0,0,0
2.10372,7.11955665,39.72203723,0.116411317,0.64370002,,2.1036,0,0,0
2.10384,7.11955665,39.72203723,0.116411317,0.64370002,,2.10372,0,0,0
2.10396,7.11955665,39.72203723,0.116411317,0.64370002,,2.10384,0,0,0
2.10408,7.11955665,39.72203723,0.116411317,0.64370002,,2.10396,0,0,0
2.1042,7.079386753,39.71877917,0.11828996,0.65417525,,2.10408,0,0,0
2.10432,7.079386753,39.71877917,0.11828996,0.65417525,,2.1042,0,0,0
2.10444,7.079386753,39.71877917,0.11828996,0.65417525,,2.10432,0,0,0
2.10456,7.079386753,39.71877917,0.11828996,0.65417525,,2.10444,0,0,0
2.10468,7.079386753,39.71877917,0.11828996,0.65417525,,2.10456,0,0,0
2.1048,7.079386753,39.71877917,0.11828996,0.65417525,,2.10468,0,0,0
2.10492,7.079386753,39.71877917,0.11828996,0.65417525,,2.1048,0,0,0
2.10504,7.079386753,39.71877917,0.11828996,0.65417525,,2.10492,0,0,0
2.10516,7.079386753,39.71877917,0.11828996,0.65417525,,2.10504,0,0,0
2.10528,7.100634365,39.71645503,0.122302686,0.676440969,,2.10516,0,0,0
2.1054,7.100634365,39.71645503,0.122302686,0.676440969,,2.10528,0,0,0
2.10552,7.100634365,39.71645503,0.122302686,0.676440969,,2.1054,0,0,0
2.10564,7.100634365,39.71645503,0.122302686,0.676440969,,2.10552,0,0,0
2.10576,7.100634365,39.71645503,0.122302686,0.676440969,,2.10564,0,0,0
2.10588,7.100634365,39.71645503,0.122302686,0.676440969,,2.10576,0,0,0
2.106,7.100634365,39.71645503,0.122302686,0.676440969,,2.10588,0,0,0
2.10612,7.100634365,39.71645503,0.122302686,0.676440969,,2.106,0,0,0
2.10624,7.100634365,39.71645503,0.122302686,0.676440969,,2.10612,0,0,0
2.10636,7.130879084,39.71412983,0.123411724,0.682580017,,2.10624,0,0,0
2.10648,7.130879084,39.71412983,0.123411724,0.682580017,,2.10636,0,0,0
2.1066,7.130879084,39.71412983,0.123411724,0.682580017,,2.10648,0,0,0
2.10672,7.130879084,39.71412983,0.123411724,0.682580017,,2.1066,0,0,0
2.10684,7.130879084,39.71412983,0.123411724,0.682580017,,2.10672,0,0,0
2.10696,7.130879084,39.71412983,0.123411724,0.682580017,,2.10684,0,0,0
2.10708,7.130879084,39.71412983,0.123411724,0.682580017,,2.10696,0,0,0
2.1072,7.130879084,39.71412983,0.123411724,0.682580017,,2.10708,0,0,0
2.10732,7.110283313,39.71342529,0.124689179,0.689624877,,2.1072,0,0,0
2.10744,7.110283313,39.71342529,0.124689179,0.689624877,,2.10732,0,0,0
2.10756,7.110283313,39.71342529,0.124689179,0.689624877,,2.10744,0,0,0
2.10768,7.110283313,39.71342529,0.124689179,0.689624877,,2.10756,0,0,0
2.1078,7.110283313,39.71342529,0.124689179,0.689624877,,2.10768,0,0,0
2.10792,7.110283313,39.71342529,0.124689179,0.689624877,,2.1078,0,0,0
2.10804,7.110283313,39.71342529,0.124689179,0.689624877,,2.10792,0,0,0
2.10816,7.110283313,39.71342529,0.124689179,0.689624877,,2.10804,0,0,0
2.10828,7.110283313,39.71342529,0.124689179,0.689624877,,2.10816,0,0,0
2.1084,7.129472426,39.71265302,0.125521789,0.694189287,,2.10828,0,0,0
2.10852,7.129472426,39.71265302,0.125521789,0.694189287,,2.1084,0,0,0
2.10864,7.129472426,39.71265302,0.125521789,0.694189287,,2.10852,0,0,0
2.10876,7.129472426,39.71265302,0.125521789,0.694189287,,2.10864,0,0,0
2.10888,7.129472426,39.71265302,0.125521789,0.694189287,,2.10876,0,0,0
2.109,7.129472426,39.71265302,0.125521789,0.694189287,,2.10888,0,0,0
2.10912,7.129472426,39.71265302,0.125521789,0.694189287,,2.109,0,0,0
2.10924,7.129472426,39.71265302,0.125521789,0.694189287,,2.10912,0,0,0
2.10936,7.129472426,39.71265302,0.125521789,0.694189287,,2.10924,0,0,0
2.10948,7.135585458,39.71301499,0.125028321,0.691496595,,2.10936,0,0,0
2.1096,7.135585458,39.71301499,0.125028321,0.691496595,,2.10948,0,0,0
2.10972,7.135585458,39.71301499,0.125028321,0.691496595,,2.1096,0,0,0
2.10984,7.135585458,39.71301499,0.125028321,0.691496595,,2.10972,0,0,0
2.10996,7.135585458,39.71301499,0.125028321,0.691496595,,2.10984,0,0,0
2.11008,7.135585458,39.71301499,0.125028321,0.691496595,,2.10996,0,0,0
2.1102,7.135585458,39.71301499,0.125028321,0.691496595,,2.11008,0,0,0
2.11032,7.135585458,39.71301499,0.125028321,0.691496595,,2.1102,0,0,0
2.11044,7.135697104,39.71279586,0.125042966,0.691641789,,2.11032,0,0,0
2.11056,7.135697104,39.71279586,0.125042966,0.691641789,,2.11044,0,0,0
2.11068,7.135697104,39.71279586,0.125042966,0.691641789,,2.11056,0,0,0
2.1108,7.135697104,39.71279586,0.125042966,0.691641789,,2.11068,0,0,0
2.11092,7.135697104,39.71279586,0.125042966,0.691641789,,2.1108,0,0,0
2.11104,7.135697104,39.71279586,0.125042966,0.691641789,,2.11092,0,0,0
2.11116,7.135697104,39.71279586,0.125042966,0.691641789,,2.11104,0,0,0
2.11128,7.135697104,39.71279586,0.125042966,0.691641789,,2.11116,0,0,0
2.1114,7.135697104,39.71279586,0.125042966,0.691641789,,2.11128,0,0,0
2.11152,7.136054973,39.7120224,0.125697164,0.695315579,,2.1114,0,0,0
2.11164,7.136054973,39.7120224,0.125697164,0.695315579,,2.11152,0,0,0
2.11176,7.136054973,39.7120224,0.125697164,0.695315579,,2.11164,0,0,0
2.11188,7.136054973,39.7120224,0.125697164,0.695315579,,2.11176,0,0,0
2.112,7.136054973,39.7120224,0.125697164,0.695315579,,2.11188,0,0,0
2.11212,7.136054973,39.7120224,0.125697164,0.695315579,,2.112,0,0,0
2.11224,7.136054973,39.7120224,0.125697164,0.695315579,,2.11212,0,0,0
2.11236,7.136054973,39.7120224,0.125697164,0.695315579,,2.11224,0,0,0
2.11248,7.136054973,39.7120224,0.125697164,0.695315579,,2.11236,0,0,0
2.1126,7.123963752,39.71045287,0.127151013,0.703404418,,2.11248,0,0,0
2.11272,7.123963752,39.71045287,0.127151013,0.703404418,,2.1126,0,0,0
2.11284,7.123963752,39.71045287,0.127151013,0.703404418,,2.11272,0,0,0
2.11296,7.123963752,39.71045287,0.127151013,0.703404418,,2.11284,0,0,0
2.11308,7.123963752,39.71045287,0.127151013,0.703404418,,2.11296,0,0,0
2.1132,7.123963752,39.71045287,0.127151013,0.703404418,,2.11308,0,0,0
2.11332,7.123963752,39.71045287,0.127151013,0.703404418,,2.1132,0,0,0
2.11344,7.123963752,39.71045287,0.127151013,0.703404418,,2.11332,0,0,0
2.11356,7.113384594,39.70727859,0.130281758,0.720758604,,2.11344,0,0,0
2.11368,7.113384594,39.70727859,0.130281758,0.720758604,,2.11356,0,0,0
2.1138,7.113384594,39.70727859,0.130281758,0.720758604,,2.11368,0,0,0
2.11392,7.113384594,39.70727859,0.130281758,0.720758604,,2.1138,0,0,0
2.11404,7.113384594,39.70727859,0.130281758,0.720758604,,2.11392,0,0,0
2.11416,7.113384594,39.70727859,0.130281758,0.720758604,,2.11404,0,0,0
2.11428,7.113384594,39.70727859,0.130281758,0.720758604,,2.11416,0,0,0
2.1144,7.113384594,39.70727859,0.130281758,0.720758604,,2.11428,0,0,0
2.11452,7.113384594,39.70727859,0.130281758,0.720758604,,2.1144,0,0,0
2.11464,7.142656858,39.705117,0.132484473,0.732933635,,2.11452,0,0,0
2.11476,7.142656858,39.705117,0.132484473,0.732933635,,2.11464,0,0,0
2.11488,7.142656858,39.705117,0.132484473,0.732933635,,2.11476,0,0,0
2.115,7.142656858,39.705117,0.132484473,0.732933635,,2.11488,0,0,0
2.11512,7.142656858,39.705117,0.132484473,0.732933635,,2.115,0,0,0
2.11524,7.142656858,39.705117,0.132484473,0.732933635,,2.11512,0,0,0
2.11536,7.142656858,39.705117,0.132484473,0.732933635,,2.11524,0,0,0
2.11548,7.142656858,39.705117,0.132484473,0.732933635,,2.11536,0,0,0
2.1156,7.142656858,39.705117,0.132484473,0.732933635,,2.11548,0,0,0
2.11572,7.139802166,39.70448923,0.133164103,0.736673542,,2.1156,0,0,0
2.11584,7.139802166,39.70448923,0.133164103,0.736673542,,2.11572,0,0,0
2.11596,7.139802166,39.70448923,0.133164103,0.736673542,,2.11584,0,0,0
2.11608,7.139802166,39.70448923,0.133164103,0.736673542,,2.11596,0,0,0
2.1162,7.139802166,39.70448923,0.133164103,0.736673542,,2.11608,0,0,0
2.11632,7.139802166,39.70448923,0.133164103,0.736673542,,2.1162,0,0,0
2.11644,7.139802166,39.70448923,0.133164103,0.736673542,,2.11632,0,0,0
2.11656,7.139802166,39.70448923,0.133164103,0.736673542,,2.11644,0,0,0
2.11668,7.135007866,39.70368101,0.134120012,0.741909874,,2.11656,0,0,0
2.1168,7.135007866,39.70368101,0.134120012,0.741909874,,2.11668,0,0,0
2.11692,7.135007866,39.70368101,0.134120012,0.741909874,,2.1168,0,0,0
2.11704,7.135007866,39.70368101,0.134120012,0.741909874,,2.11692,0,0,0
2.11716,7.135007866,39.70368101,0.134120012,0.741909874,,2.11704,0,0,0
2.11728,7.135007866,39.70368101,0.134120012,0.741909874,,2.11716,0,0,0
2.1174,7.135007866,39.70368101,0.134120012,0.741909874,,2.11728,0,0,0
2.11752,7.135007866,39.70368101,0.134120012,0.741909874,,2.1174,0,0,0
2.11764,7.135007866,39.70368101,0.134120012,0.741909874,,2.11752,0,0,0
2.11776,7.1370103,39.70361526,0.134337503,0.743063163,,2.11764,0,0,0
2.11788,7.1370103,39.70361526,0.134337503,0.743063163,,2.11776,0,0,0
2.118,7.1370103,39.70361526,0.134337503,0.743063163,,2.11788,0,0,0
2.11812,7.1370103,39.70361526,0.134337503,0.743063163,,2.118,0,0,0
2.11824,7.1370103,39.70361526,0.134337503,0.743063163,,2.11812,0,0,0
2.11836,7.1370103,39.70361526,0.134337503,0.743063163,,2.11824,0,0,0
2.11848,7.1370103,39.70361526,0.134337503,0.743063163,,2.11836,0,0,0
2.1186,7.1370103,39.70361526,0.134337503,0.743063163,,2.11848,0,0,0
2.11872,7.1370103,39.70361526,0.134337503,0.743063163,,2.1186,0,0,0
2.11884,7.137358823,39.70405012,0.134058998,0.741473965,,2.11872,0,0,0
2.11896,7.137358823,39.70405012,0.134058998,0.741473965,,2.11884,0,0,0
2.11908,7.137358823,39.70405012,0.134058998,0.741473965,,2.11896,0,0,0
2.1192,7.137358823,39.70405012,0.134058998,0.741473965,,2.11908,0,0,0
2.11932,7.137358823,39.70405012,0.134058998,0.741473965,,2.1192,0,0,0
2.11944,7.137358823,39.70405012,0.134058998,0.741473965,,2.11932,0,0,0
2.11956,7.137358823,39.70405012,0.134058998,0.741473965,,2.11944,0,0,0
2.11968,7.137358823,39.70405012,0.134058998,0.741473965,,2.11956,0,0,0
2.1198,7.140214683,39.70534274,0.132990479,0.735496497,,2.11968,0,0,0
2.11992,7.140214683,39.70534274,0.132990479,0.735496497,,2.1198,0,0,0
2.12004,7.140214683,39.70534274,0.132990479,0.735496497,,2.11992,0,0,0
2.12016,7.140214683,39.70534274,0.132990479,0.735496497,,2.12004,0,0,0
2.12028,7.140214683,39.70534274,0.132990479,0.735496497,,2.12016,0,0,0
2.1204,7.140214683,39.70534274,0.132990479,0.735496497,,2.12028,0,0,0
2.12052,7.140214683,39.70534274,0.132990479,0.735496497,,2.1204,0,0,0
2.12064,7.140214683,39.70534274,0.132990479,0.735496497,,2.12052,0,0,0
2.12076,7.140214683,39.70534274,0.132990479,0.735496497,,2.12064,0,0,0
2.12088,7.13988841,39.70733415,0.131187444,0.725465722,,2.12076,0,0,0
2.121,7.13988841,39.70733415,0.131187444,0.725465722,,2.12088,0,0,0
2.12112,7.13988841,39.70733415,0.131187444,0.725465722,,2.121,0,0,0
2.12124,7.13988841,39.70733415,0.131187444,0.725465722,,2.12112,0,0,0
2.12136,7.13988841,39.70733415,0.131187444,0.725465722,,2.12124,0,0,0
2.12148,7.13988841,39.70733415,0.131187444,0.725465722,,2.12136,0,0,0
2.1216,7.13988841,39.70733415,0.131187444,0.725465722,,2.12148,0,0,0
2.12172,7.13988841,39.70733415,0.131187444,0.725465722,,2.1216,0,0,0
2.12184,7.13988841,39.70733415,0.131187444,0.725465722,,2.12172,0,0,0
2.12196,7.134127843,39.70937175,0.129223424,0.714572846,,2.12184,0,0,0
2.12208,7.134127843,39.70937175,0.129223424,0.714572846,,2.12196,0,0,0
2.1222,7.134127843,39.70937175,0.129223424,0.714572846,,2.12208,0,0,0
2.12232,7.134127843,39.70937175,0.129223424,0.714572846,,2.1222,0,0,0
2.12244,7.134127843,39.70937175,0.129223424,0.714572846,,2.12232,0,0,0
2.12256,7.134127843,39.70937175,0.129223424,0.714572846,,2.12244,0,0,0
2.12268,7.134127843,39.70937175,0.129223424,0.714572846,,2.12256,0,0,0
2.1228,7.134127843,39.70937175,0.129223424,0.714572846,,2.12268,0,0,0
2.12292,7.132540773,39.71102038,0.127539918,0.705259227,,2.1228,0,0,0
2.12304,7.132540773,39.71102038,0.127539918,0.705259227,,2.12292,0,0,0
2.12316,7.132540773,39.71102038,0.127539918,0.705259227,,2.12304,0,0,0
2.12328,7.132540773,39.71102038,0.127539918,0.705259227,,2.12316,0,0,0
2.1234,7.132540773,39.71102038,0.127539918,0.705259227,,2.12328,0,0,0
2.12352,7.132540773,39.71102038,0.127539918,0.705259227,,2.1234,0,0,0
2.12364,7.132540773,39.71102038,0.127539918,0.705259227,,2.12352,0,0,0
2.12376,7.132540773,39.71102038,0.127539918,0.705259227,,2.12364,0,0,0
2.12388,7.132540773,39.71102038,0.127539918,0.705259227,,2.12376,0,0,0
2.124,7.129836899,39.71233694,0.126100341,0.697318583,,2.12388,0,0,0
2.12412,7.129836899,39.71233694,0.126100341,0.697318583,,2.124,0,0,0
2.12424,7.129836899,39.71233694,0.126100341,0.697318583,,2.12412,0,0,0
2.12436,7.129836899,39.71233694,0.126100341,0.697318583,,2.12424,0,0,0
2.12448,7.129836899,39.71233694,0.126100341,0.697318583,,2.12436,0,0,0
2.1246,7.129836899,39.71233694,0.126100341,0.697318583,,2.12448,0,0,0
2.12472,7.129836899,39.71233694,0.126100341,0.697318583,,2.1246,0,0,0
2.12484,7.129836899,39.71233694,0.126100341,0.697318583,,2.12472,0,0,0
2.12496,7.129836899,39.71233694,0.126100341,0.697318583,,2.12484,0,0,0
2.12508,7.122979861,39.71282878,0.125490348,0.693972044,,2.12496,0,0,0
2.1252,7.122979861,39.71282878,0.125490348,0.693972044,,2.12508,0,0,0
2.12532,7.122979861,39.71282878,0.125490348,0.693972044,,2.1252,0,0,0
2.12544,7.122979861,39.71282878,0.125490348,0.693972044,,2.12532,0,0,0
2.12556,7.122979861,39.71282878,0.125490348,0.693972044,,2.12544,0,0,0
2.12568,7.122979861,39.71282878,0.125490348,0.693972044,,2.12556,0,0,0
2.1258,7.122979861,39.71282878,0.125490348,0.693972044,,2.12568,0,0,0
2.12592,7.122979861,39.71282878,0.125490348,0.693972044,,2.1258,0,0,0
2.12604,7.122979861,39.71282878,0.125490348,0.693972044,,2.12592,0,0,0
2.12616,7.122492441,39.71283553,0.125419272,0.693596179,,2.12604,0,0,0
2.12628,7.122492441,39.71283553,0.125419272,0.693596179,,2.12616,0,0,0
2.1264,7.122492441,39.71283553,0.125419272,0.693596179,,2.12628,0,0,0
2.12652,7.122492441,39.71283553,0.125419272,0.693596179,,2.1264,0,0,0
2.12664,7.122492441,39.71283553,0.125419272,0.693596179,,2.12652,0,0,0
2.12676,7.122492441,39.71283553,0.125419272,0.693596179,,2.12664,0,0,0
2.12688,7.122492441,39.71283553,0.125419272,0.693596179,,2.12676,0,0,0
2.127,7.122492441,39.71283553,0.125419272,0.693596179,,2.12688,0,0,0
2.12712,7.122930306,39.7126656,0.125534665,0.694250504,,2.127,0,0,0
2.12724,7.122930306,39.7126656,0.125534665,0.694250504,,2.12712,0,0,0
2.12736,7.122930306,39.7126656,0.125534665,0.694250504,,2.12724,0,0,0
2.12748,7.122930306,39.7126656,0.125534665,0.694250504,,2.12736,0,0,0
2.1276,7.122930306,39.7126656,0.125534665,0.694250504,,2.12748,0,0,0
2.12772,7.122930306,39.7126656,0.125534665,0.694250504,,2.1276,0,0,0
2.12784,7.122930306,39.7126656,0.125534665,0.694250504,,2.12772,0,0,0
2.12796,7.122930306,39.7126656,0.125534665,0.694250504,,2.12784,0,0,0
2.12808,7.122930306,39.7126656,0.125534665,0.694250504,,2.12796,0,0,0
2.1282,7.127450916,39.71267287,0.125540185,0.694277417,,2.12808,0,0,0
2.12832,7.127450916,39.71267287,0.125540185,0.694277417,,2.1282,0,0,0
2.12844,7.127450916,39.71267287,0.125540185,0.694277417,,2.12832,0,0,0
2.12856,7.127450916,39.71267287,0.125540185,0.694277417,,2.12844,0,0,0
2.12868,7.127450916,39.71267287,0.125540185,0.694277417,,2.12856,0,0,0
2.1288,7.127450916,39.71267287,0.125540185,0.694277417,,2.12868,0,0,0
2.12892,7.127450916,39.71267287,0.125540185,0.694277417,,2.1288,0,0,0
2.12904,7.127450916,39.71267287,0.125540185,0.694277417,,2.12892,0,0,0
2.12916,7.127450916,39.71267287,0.125540185,0.694277417,,2.12904,0,0,0
2.12928,7.127528681,39.71298913,0.125249143,0.692658667,,2.12916,0,0,0
2.1294,7.127528681,39.71298913,0.125249143,0.692658667,,2.12928,0,0,0
2.12952,7.127528681,39.71298913,0.125249143,0.692658667,,2.1294,0,0,0
2.12964,7.127528681,39.71298913,0.125249143,0.692658667,,2.12952,0,0,0
2.12976,7.127528681,39.71298913,0.125249143,0.692658667,,2.12964,0,0,0
2.12988,7.127528681,39.71298913,0.125249143,0.692658667,,2.12976,0,0,0
2.13,7.127528681,39.71298913,0.125249143,0.692658667,,2.12988,0,0,0
2.13012,7.127528681,39.71298913,0.125249143,0.692658667,,2.13,0,0,0
2.13024,7.126127122,39.71320446,0.125023382,0.691411349,,2.13012,0,0,0
2.13036,7.126127122,39.71320446,0.125023382,0.691411349,,2.13024,0,0,0
2.13048,7.126127122,39.71320446,0.125023382,0.691411349,,2.13036,0,0,0
2.1306,7.126127122,39.71320446,0.125023382,0.691411349,,2.13048,0,0,0
2.13072,7.126127122,39.71320446,0.125023382,0.691411349,,2.1306,0,0,0
2.13084,7.126127122,39.71320446,0.125023382,0.691411349,,2.13072,0,0,0
2.13096,7.126127122,39.71320446,0.125023382,0.691411349,,2.13084,0,0,0
2.13108,7.126127122,39.71320446,0.125023382,0.691411349,,2.13096,0,0,0
2.1312,7.126127122,39.71320446,0.125023382,0.691411349,,2.13108,0,0,0
2.13132,7.123977822,39.71322318,0.124972774,0.69113998,,2.1312,0,0,0
2.13144,7.123977822,39.71322318,0.124972774,0.69113998,,2.13132,0,0,0
2.13156,7.123977822,39.71322318,0.124972774,0.69113998,,2.13144,0,0,0
2.13168,7.123977822,39.71322318,0.124972774,0.69113998,,2.13156,0,0,0
2.1318,7.123977822,39.71322318,0.124972774,0.69113998,,2.13168,0,0,0
2.13192,7.123977822,39.71322318,0.124972774,0.69113998,,2.1318,0,0,0
2.13204,7.123977822,39.71322318,0.124972774,0.69113998,,2.13192,0,0,0
2.13216,7.123977822,39.71322318,0.124972774,0.69113998,,2.13204,0,0,0
2.13228,7.123977822,39.71322318,0.124972774,0.69113998,,2.13216,0,0,0
2.1324,7.121448191,39.71294932,0.125219904,0.69251589,,2.13228,0,0,0
2.13252,7.121448191,39.71294932,0.125219904,0.69251589,,2.1324,0,0,0
2.13264,7.121448191,39.71294932,0.125219904,0.69251589,,2.13252,0,0,0
2.13276,7.121448191,39.71294932,0.125219904,0.69251589,,2.13264,0,0,0
2.13288,7.121448191,39.71294932,0.125219904,0.69251589,,2.13276,0,0,0
2.133,7.121448191,39.71294932,0.125219904,0.69251589,,2.13288,0,0,0
2.13312,7.121448191,39.71294932,0.125219904,0.69251589,,2.133,0,0,0
2.13324,7.121448191,39.71294932,0.125219904,0.69251589,,2.13312,0,0,0
2.13336,7.119494054,39.71249122,0.125681045,0.695068281,,2.13324,0,0,0
2.13348,7.119494054,39.71249122,0.125681045,0.695068281,,2.13336,0,0,0
2.1336,7.119494054,39.71249122,0.125681045,0.695068281,,2.13348,0,0,0
2.13372,7.119494054,39.71249122,0.125681045,0.695068281,,2.1336,0,0,0
2.13384,7.119494054,39.71249122,0.125681045,0.695068281,,2.13372,0,0,0
2.13396,7.119494054,39.71249122,0.125681045,0.695068281,,2.13384,0,0,0
2.13408,7.119494054,39.71249122,0.125681045,0.695068281,,2.13396,0,0,0
2.1342,7.119494054,39.71249122,0.125681045,0.695068281,,2.13408,0,0,0
2.13432,7.119494054,39.71249122,0.125681045,0.695068281,,2.1342,0,0,0
2.13444,7.119322869,39.71205153,0.126170309,0.697763245,,2.13432,0,0,0
2.13456,7.119322869,39.71205153,0.126170309,0.697763245,,2.13444,0,0,0
2.13468,7.119322869,39.71205153,0.126170309,0.697763245,,2.13456,0,0,0
2.1348,7.119322869,39.71205153,0.126170309,0.697763245,,2.13468,0,0,0
2.13492,7.119322869,39.71205153,0.126170309,0.697763245,,2.1348,0,0,0
2.13504,7.119322869,39.71205153,0.126170309,0.697763245,,2.13492,0,0,0
2.13516,7.119322869,39.71205153,0.126170309,0.697763245,,2.13504,0,0,0
2.13528,7.119322869,39.71205153,0.126170309,0.697763245,,2.13516,0,0,0
2.1354,7.119322869,39.71205153,0.126170309,0.697763245,,2.13528,0,0,0
2.13552,7.120270353,39.71185883,0.12642819,0.699173169,,2.1354,0,0,0
2.13564,7.120270353,39.71185883,0.12642819,0.699173169,,2.13552,0,0,0
2.13576,7.120270353,39.71185883,0.12642819,0.699173169,,2.13564,0,0,0
2.13588,7.120270353,39.71185883,0.12642819,0.699173169,,2.13576,0,0,0
2.136,7.120270353,39.71185883,0.12642819,0.699173169,,2.13588,0,0,0
2.13612,7.120270353,39.71185883,0.12642819,0.699173169,,2.136,0,0,0
2.13624,7.120270353,39.71185883,0.12642819,0.699173169,,2.13612,0,0,0
2.13636,7.120270353,39.71185883,0.12642819,0.699173169,,2.13624,0,0,0
2.13648,7.121977837,39.71192317,0.126418553,0.699105161,,2.13636,0,0,0
2.1366,7.121977837,39.71192317,0.126418553,0.699105161,,2.13648,0,0,0
2.13672,7.121977837,39.71192317,0.126418553,0.699105161,,2.1366,0,0,0
2.13684,7.121977837,39.71192317,0.126418553,0.699105161,,2.13672,0,0,0
2.13696,7.121977837,39.71192317,0.126418553,0.699105161,,2.13684,0,0,0
2.13708,7.121977837,39.71192317,0.126418553,0.699105161,,2.13696,0,0,0
2.1372,7.121977837,39.71192317,0.126418553,0.699105161,,2.13708,0,0,0
2.13732,7.121977837,39.71192317,0.126418553,0.699105161,,2.1372,0,0,0
2.13744,7.121977837,39.71192317,0.126418553,0.699105161,,2.13732,0,0,0
2.13756,7.122874064,39.71223818,0.126137465,0.697539827,,2.13744,0,0,0
2.13768,7.122874064,39.71223818,0.126137465,0.697539827,,2.13756,0,0,0
2.1378,7.122874064,39.71223818,0.126137465,0.697539827,,2.13768,0,0,0
2.13792,7.122874064,39.71223818,0.126137465,0.697539827,,2.1378,0,0,0
2.13804,7.122874064,39.71223818,0.126137465,0.697539827,,2.13792,0,0,0
2.13816,7.122874064,39.71223818,0.126137465,0.697539827,,2.13804,0,0,0
2.13828,7.122874064,39.71223818,0.126137465,0.697539827,,2.13816,0,0,0
2.1384,7.122874064,39.71223818,0.126137465,0.697539827,,2.13828,0,0,0
2.13852,7.122874064,39.71223818,0.126137465,0.697539827,,2.1384,0,0,0
2.13864,7.121699461,39.71252155,0.125844237,0.695918804,,2.13852,0,0,0
2.13876,7.121699461,39.71252155,0.125844237,0.695918804,,2.13864,0,0,0
2.13888,7.121699461,39.71252155,0.125844237,0.695918804,,2.13876,0,0,0
2.139,7.121699461,39.71252155,0.125844237,0.695918804,,2.13888,0,0,0
2.13912,7.121699461,39.71252155,0.125844237,0.695918804,,2.139,0,0,0
2.13924,7.121699461,39.71252155,0.125844237,0.695918804,,2.13912,0,0,0
2.13936,7.121699461,39.71252155,0.125844237,0.695918804,,2.13924,0,0,0
2.13948,7.121699461,39.71252155,0.125844237,0.695918804,,2.13936,0,0,0
2.1396,7.121487093,39.71265669,0.125667502,0.69495132,,2.13948,0,0,0
2.13972,7.121487093,39.71265669,0.125667502,0.69495132,,2.1396,0,0,0
2.13984,7.121487093,39.71265669,0.125667502,0.69495132,,2.13972,0,0,0
2.13996,7.121487093,39.71265669,0.125667502,0.69495132,,2.13984,0,0,0
2.14008,7.121487093,39.71265669,0.125667502,0.69495132,,2.13996,0,0,0
2.1402,7.121487093,39.71265669,0.125667502,0.69495132,,2.14008,0,0,0
2.14032,7.121487093,39.71265669,0.125667502,0.69495132,,2.1402,0,0,0
2.14044,7.121487093,39.71265669,0.125667502,0.69495132,,2.14032,0,0,0
2.14056,7.121487093,39.71265669,0.125667502,0.69495132,,2.14044,0,0,0
2.14068,7.120697562,39.71259904,0.125671064,0.694985823,,2.14056,0,0,0
2.1408,7.120697562,39.71259904,0.125671064,0.694985823,,2.14068,0,0,0
2.14092,7.120697562,39.71259904,0.125671064,0.694985823,,2.1408,0,0,0
2.14104,7.120697562,39.71259904,0.125671064,0.694985823,,2.14092,0,0,0
2.14116,7.120697562,39.71259904,0.125671064,0.694985823,,2.14104,0,0,0
2.14128,7.120697562,39.71259904,0.125671064,0.694985823,,2.14116,0,0,0
2.1414,7.120697562,39.71259904,0.125671064,0.694985823,,2.14128,0,0,0
2.14152,7.120697562,39.71259904,0.125671064,0.694985823,,2.1414,0,0,0
2.14164,7.120697562,39.71259904,0.125671064,0.694985823,,2.14152,0,0,0
2.14176,7.121009712,39.71236986,0.125853402,0.696008552,,2.14164,0,0,0
2.14188,7.121009712,39.71236986,0.125853402,0.696008552,,2.14176,0,0,0
2.142,7.121009712,39.71236986,0.125853402,0.696008552,,2.14188,0,0,0
2.14212,7.121009712,39.71236986,0.125853402,0.696008552,,2.142,0,0,0
2.14224,7.121009712,39.71236986,0.125853402,0.696008552,,2.14212,0,0,0
2.14236,7.121009712,39.71236986,0.125853402,0.696008552,,2.14224,0,0,0
2.14248,7.121009712,39.71236986,0.125853402,0.696008552,,2.14236,0,0,0
2.1426,7.121009712,39.71236986,0.125853402,0.696008552,,2.14248,0,0,0
2.14272,7.122199692,39.71207077,0.126109014,0.697436316,,2.1426,0,0,0
2.14284,7.122199692,39.71207077,0.126109014,0.697436316,,2.14272,0,0,0
2.14296,7.122199692,39.71207077,0.126109014,0.697436316,,2.14284,0,0,0
2.14308,7.122199692,39.71207077,0.126109014,0.697436316,,2.14296,0,0,0
2.1432,7.122199692,39.71207077,0.126109014,0.697436316,,2.14308,0,0,0
2.14332,7.122199692,39.71207077,0.126109014,0.697436316,,2.1432,0,0,0
2.14344,7.122199692,39.71207077,0.126109014,0.697436316,,2.14332,0,0,0
2.14356,7.122199692,39.71207077,0.126109014,0.697436316,,2.14344,0,0,0
2.14368,7.122199692,39.71207077,0.126109014,0.697436316,,2.14356,0,0,0
2.1438,7.122984579,39.71168103,0.126439945,0.699285886,,2.14368,0,0,0
2.14392,7.122984579,39.71168103,0.126439945,0.699285886,,2.1438,0,0,0
2.14404,7.122984579,39.71168103,0.126439945,0.699285886,,2.14392,0,0,0
2.14416,7.122984579,39.71168103,0.126439945,0.699285886,,2.14404,0,0,0
2.14428,7.122984579,39.71168103,0.126439945,0.699285886,,2.14416,0,0,0
2.1444,7.122984579,39.71168103,0.126439945,0.699285886,,2.14428,0,0,0
2.14452,7.122984579,39.71168103,0.126439945,0.699285886,,2.1444,0,0,0
2.14464,7.122984579,39.71168103,0.126439945,0.699285886,,2.14452,0,0,0
2.14476,7.122984579,39.71168103,0.126439945,0.699285886,,2.14464,0,0,0
2.14488,7.127196225,39.71132915,0.126765894,0.701098434,,2.14476,0,0,0
2.145,7.127196225,39.71132915,0.126765894,0.701098434,,2.14488,0,0,0
2.14512,7.127196225,39.71132915,0.126765894,0.701098434,,2.145,0,0,0
2.14524,7.127196225,39.71132915,0.126765894,0.701098434,,2.14512,0,0,0
2.14536,7.127196225,39.71132915,0.126765894,0.701098434,,2.14524,0,0,0
2.14548,7.127196225,39.71132915,0.126765894,0.701098434,,2.14536,0,0,0
2.1456,7.127196225,39.71132915,0.126765894,0.701098434,,2.14548,0,0,0
2.14572,7.127196225,39.71132915,0.126765894,0.701098434,,2.1456,0,0,0
2.14584,7.127002036,39.71121487,0.126878892,0.701724523,,2.14572,0,0,0
2.14596,7.127002036,39.71121487,0.126878892,0.701724523,,2.14584,0,0,0
2.14608,7.127002036,39.71121487,0.126878892,0.701724523,,2.14596,0,0,0
2.1462,7.127002036,39.71121487,0.126878892,0.701724523,,2.14608,0,0,0
2.14632,7.127002036,39.71121487,0.126878892,0.701724523,,2.1462,0,0,0
2.14644,7.127002036,39.71121487,0.126878892,0.701724523,,2.14632,0,0,0
2.14656,7.127002036,39.71121487,0.126878892,0.701724523,,2.14644,0,0,0
2.14668,7.127002036,39.71121487,0.126878892,0.701724523,,2.14656,0,0,0
2.1468,7.127002036,39.71121487,0.126878892,0.701724523,,2.14668,0,0,0
2.14692,7.124262265,39.71083782,0.127240248,0.703730091,,2.1468,0,0,0
2.14704,7.124262265,39.71083782,0.127240248,0.703730091,,2.14692,0,0,0
2.14716,7.124262265,39.71083782,0.127240248,0.703730091,,2.14704,0,0,0
2.14728,7.124262265,39.71083782,0.127240248,0.703730091,,2.14716,0,0,0
2.1474,7.124262265,39.71083782,0.127240248,0.703730091,,2.14728,0,0,0
2.14752,7.124262265,39.71083782,0.127240248,0.703730091,,2.1474,0,0,0
2.14764,7.124262265,39.71083782,0.127240248,0.703730091,,2.14752,0,0,0
2.14776,7.124262265,39.71083782,0.127240248,0.703730091,,2.14764,0,0,0
2.14788,7.124262265,39.71083782,0.127240248,0.703730091,,2.14776,0,0,0
2.148,7.12664504,39.7104656,0.127607581,0.705765501,,2.14788,0,0,0
2.14812,7.12664504,39.7104656,0.127607581,0.705765501,,2.148,0,0,0
2.14824,7.12664504,39.7104656,0.127607581,0.705765501,,2.14812,0,0,0
2.14836,7.12664504,39.7104656,0.127607581,0.705765501,,2.14824,0,0,0
2.14848,7.12664504,39.7104656,0.127607581,0.705765501,,2.14836,0,0,0
2.1486,7.12664504,39.7104656,0.127607581,0.705765501,,2.14848,0,0,0
2.14872,7.12664504,39.7104656,0.127607581,0.705765501,,2.1486,0,0,0
2.14884,7.12664504,39.7104656,0.127607581,0.705765501,,2.14872,0,0,0
2.14896,7.125795607,39.71016923,0.127908029,0.70742785,,2.14884,0,0,0
2.14908,7.125795607,39.71016923,0.127908029,0.70742785,,2.14896,0,0,0
2.1492,7.125795607,39.71016923,0.127908029,0.70742785,,2.14908,0,0,0
2.14932,7.125795607,39.71016923,0.127908029,0.70742785,,2.1492,0,0,0
2.14944,7.125795607,39.71016923,0.127908029,0.70742785,,2.14932,0,0,0
2.14956,7.125795607,39.71016923,0.127908029,0.70742785,,2.14944,0,0,0
2.14968,7.125795607,39.71016923,0.127908029,0.70742785,,2.14956,0,0,0
2.1498,7.125795607,39.71016923,0.127908029,0.70742785,,2.14968,0,0,0
2.14992,7.125795607,39.71016923,0.127908029,0.70742785,,2.1498,0,0,0
2.15004,7.125300736,39.70986049,0.128243777,0.709278822,,2.14992,0,0,0
2.15016,7.125300736,39.70986049,0.128243777,0.709278822,,2.15004,0,0,0
2.15028,7.125300736,39.70986049,0.128243777,0.709278822,,2.15016,0,0,0
2.1504,7.125300736,39.70986049,0.128243777,0.709278822,,2.15028,0,0,0
2.15052,7.125300736,39.70986049,0.128243777,0.709278822,,2.1504,0,0,0
2.15064,7.125300736,39.70986049,0.128243777,0.709278822,,2.15052,0,0,0
2.15076,7.125300736,39.70986049,0.128243777,0.709278822,,2.15064,0,0,0
2.15088,7.125300736,39.70986049,0.128243777,0.709278822,,2.15076,0,0,0
2.151,7.125300736,39.70986049,0.128243777,0.709278822,,2.15088,0,0,0
2.15112,7.125716413,39.70968347,0.128460433,0.710466817,,2.151,0,0,0
2.15124,7.125716413,39.70968347,0.128460433,0.710466817,,2.15112,0,0,0
2.15136,7.125716413,39.70968347,0.128460433,0.710466817,,2.15124,0,0,0
2.15148,7.125716413,39.70968347,0.128460433,0.710466817,,2.15136,0,0,0
2.1516,7.125716413,39.70968347,0.128460433,0.710466817,,2.15148,0,0,0
2.15172,7.125716413,39.70968347,0.128460433,0.710466817,,2.1516,0,0,0
2.15184,7.125716413,39.70968347,0.128460433,0.710466817,,2.15172,0,0,0
2.15196,7.125716413,39.70968347,0.128460433,0.710466817,,2.15184,0,0,0
2.15208,7.125716413,39.70968347,0.128460433,0.710466817,,2.15196,0,0,0
2.1522,7.125851268,39.70965028,0.128530126,0.710842194,,2.15208,0,0,0
2.15232,7.125851268,39.70965028,0.128530126,0.710842194,,2.1522,0,0,0
2.15244,7.125851268,39.70965028,0.128530126,0.710842194,,2.15232,0,0,0
2.15256,7.125851268,39.70965028,0.128530126,0.710842194,,2.15244,0,0,0
2.15268,7.125851268,39.70965028,0.128530126,0.710842194,,2.15256,0,0,0
2.1528,7.125851268,39.70965028,0.128530126,0.710842194,,2.15268,0,0,0
2.15292,7.125851268,39.70965028,0.128530126,0.710842194,,2.1528,0,0,0
2.15304,7.125851268,39.70965028,0.128530126,0.710842194,,2.15292,0,0,0
2.15316,7.126045882,39.70972898,0.128483721,0.710576062,,2.15304,0,0,0
2.15328,7.126045882,39.70972898,0.128483721,0.710576062,,2.15316,0,0,0
2.1534,7.126045882,39.70972898,0.128483721,0.710576062,,2.15328,0,0,0
2.15352,7.126045882,39.70972898,0.128483721,0.710576062,,2.1534,0,0,0
2.15364,7.126045882,39.70972898,0.128483721,0.710576062,,2.15352,0,0,0
2.15376,7.126045882,39.70972898,0.128483721,0.710576062,,2.15364,0,0,0
2.15388,7.126045882,39.70972898,0.128483721,0.710576062,,2.15376,0,0,0
2.154,7.126045882,39.70972898,0.128483721,0.710576062,,2.15388,0,0,0
2.15412,7.126045882,39.70972898,0.128483721,0.710576062,,2.154,0,0,0
2.15424,7.125602484,39.70989621,0.128343043,0.709789621,,2.15412,0,0,0
2.15436,7.125602484,39.70989621,0.128343043,0.709789621,,2.15424,0,0,0
2.15448,7.125602484,39.70989621,0.128343043,0.709789621,,2.15436,0,0,0
2.1546,7.125602484,39.70989621,0.128343043,0.709789621,,2.15448,0,0,0
2.15472,7.125602484,39.70989621,0.128343043,0.709789621,,2.1546,0,0,0
2.15484,7.125602484,39.70989621,0.128343043,0.709789621,,2.15472,0,0,0
2.15496,7.125602484,39.70989621,0.128343043,0.709789621,,2.15484,0,0,0
2.15508,7.125602484,39.70989621,0.128343043,0.709789621,,2.15496,0,0,0
2.1552,7.125602484,39.70989621,0.128343043,0.709789621,,2.15508,0,0,0
2.15532,7.124592555,39.71005306,0.128203192,0.709010441,,2.1552,0,0,0
2.15544,7.124592555,39.71005306,0.128203192,0.709010441,,2.15532,0,0,0
2.15556,7.124592555,39.71005306,0.128203192,0.709010441,,2.15544,0,0,0
2.15568,7.124592555,39.71005306,0.128203192,0.709010441,,2.15556,0,0,0
2.1558,7.124592555,39.71005306,0.128203192,0.709010441,,2.15568,0,0,0
2.15592,7.124592555,39.71005306,0.128203192,0.709010441,,2.1558,0,0,0
2.15604,7.124592555,39.71005306,0.128203192,0.709010441,,2.15592,0,0,0
2.15616,7.124592555,39.71005306,0.128203192,0.709010441,,2.15604,0,0,0
2.15628,7.124352461,39.7102051,0.128063866,0.708235371,,2.15616,0,0,0
2.1564,7.124352461,39.7102051,0.128063866,0.708235371,,2.15628,0,0,0
2.15652,7.124352461,39.7102051,0.128063866,0.708235371,,2.1564,0,0,0
2.15664,7.124352461,39.7102051,0.128063866,0.708235371,,2.15652,0,0,0
2.15676,7.124352461,39.7102051,0.128063866,0.708235371,,2.15664,0,0,0
2.15688,7.124352461,39.7102051,0.128063866,0.708235371,,2.15676,0,0,0
2.157,7.124352461,39.7102051,0.128063866,0.708235371,,2.15688,0,0,0
2.15712,7.124352461,39.7102051,0.128063866,0.708235371,,2.157,0,0,0
2.15724,7.124352461,39.7102051,0.128063866,0.708235371,,2.15712,0,0,0
2.15736,7.123918816,39.71036444,0.127913698,0.707401249,,2.15724,0,0,0
2.15748,7.123918816,39.71036444,0.127913698,0.707401249,,2.15736,0,0,0
2.1576,7.123918816,39.71036444,0.127913698,0.707401249,,2.15748,0,0,0
2.15772,7.123918816,39.71036444,0.127913698,0.707401249,,2.1576,0,0,0
2.15784,7.123918816,39.71036444,0.127913698,0.707401249,,2.15772,0,0,0
2.15796,7.123918816,39.71036444,0.127913698,0.707401249,,2.15784,0,0,0
2.15808,7.123918816,39.71036444,0.127913698,0.707401249,,2.15796,0,0,0
2.1582,7.123918816,39.71036444,0.127913698,0.707401249,,2.15808,0,0,0
2.15832,7.123918816,39.71036444,0.127913698,0.707401249,,2.1582,0,0,0
2.15844,7.123466911,39.7105083,0.127775915,0.706636592,,2.15832,0,0,0
2.15856,7.123466911,39.7105083,0.127775915,0.706636592,,2.15844,0,0,0
2.15868,7.123466911,39.7105083,0.127775915,0.706636592,,2.15856,0,0,0
2.1588,7.123466911,39.7105083,0.127775915,0.706636592,,2.15868,0,0,0
2.15892,7.123466911,39.7105083,0.127775915,0.706636592,,2.1588,0,0,0
2.15904,7.123466911,39.7105083,0.127775915,0.706636592,,2.15892,0,0,0
2.15916,7.123466911,39.7105083,0.127775915,0.706636592,,2.15904,0,0,0
2.15928,7.123466911,39.7105083,0.127775915,0.706636592,,2.15916,0,0,0
2.1594,7.123554533,39.71063602,0.127645993,0.705917749,,2.15928,0,0,0
2.15952,7.123554533,39.71063602,0.127645993,0.705917749,,2.1594,0,0,0
2.15964,7.123554533,39.71063602,0.127645993,0.705917749,,2.15952,0,0,0
2.15976,7.123554533,39.71063602,0.127645993,0.705917749,,2.15964,0,0,0
2.15988,7.123554533,39.71063602,0.127645993,0.705917749,,2.15976,0,0,0
2.16,7.123554533,39.71063602,0.127645993,0.705917749,,2.15988,0,0,0
2.16012,7.123554533,39.71063602,0.127645993,0.705917749,,2.16,0,0,0
2.16024,7.123554533,39.71063602,0.127645993,0.705917749,,2.16012,0,0,0
2.16036,7.123554533,39.71063602,0.127645993,0.705917749,,2.16024,0,0,0
2.16048,7.122679888,39.71066061,0.127580409,0.705565856,,,,,
2.1606,7.122679888,39.71066061,0.127580409,0.705565856,,,,,
2.16072,7.122679888,39.71066061,0.127580409,0.705565856,,,,,
2.16084,7.122679888,39.71066061,0.127580409,0.705565856,,,,,
2.16096,7.122679888,39.71066061,0.127580409,0.705565856,,,,,
2.16108,7.122679888,39.71066061,0.127580409,0.705565856,,,,,
2.1612,7.122679888,39.71066061,0.127580409,0.705565856,,,,,
2.16132,7.122679888,39.71066061,0.127580409,0.705565856,,,,,
2.16144,7.122679888,39.71066061,0.127580409,0.705565856,,,,,
2.16156,7.126482814,39.7106495,0.127580115,0.705567465,,,,,
2.16168,7.126482814,39.7106495,0.127580115,0.705567465,,,,,
2.1618,7.126482814,39.7106495,0.127580115,0.705567465,,,,,
2.16192,7.126482814,39.7106495,0.127580115,0.705567465,,,,,
2.16204,7.126482814,39.7106495,0.127580115,0.705567465,,,,,
2.16216,7.126482814,39.7106495,0.127580115,0.705567465,,,,,
2.16228,7.126482814,39.7106495,0.127580115,0.705567465,,,,,
2.1624,7.126482814,39.7106495,0.127580115,0.705567465,,,,,
2.16252,7.127052703,39.7110386,0.127230065,0.703618495,,,,,
2.16264,7.127052703,39.7110386,0.127230065,0.703618495,,,,,
2.16276,7.127052703,39.7110386,0.127230065,0.703618495,,,,,
2.16288,7.127052703,39.7110386,0.127230065,0.703618495,,,,,
2.163,7.127052703,39.7110386,0.127230065,0.703618495,,,,,
2.16312,7.127052703,39.7110386,0.127230065,0.703618495,,,,,
2.16324,7.127052703,39.7110386,0.127230065,0.703618495,,,,,
2.16336,7.127052703,39.7110386,0.127230065,0.703618495,,,,,
2.16348,7.127052703,39.7110386,0.127230065,0.703618495,,,,,
2.1636,7.122978267,39.7112244,0.127059496,0.702669982,,,,,
2.16372,7.122978267,39.7112244,0.127059496,0.702669982,,,,,
2.16384,7.122978267,39.7112244,0.127059496,0.702669982,,,,,
2.16396,7.122978267,39.7112244,0.127059496,0.702669982,,,,,
2.16408,7.122978267,39.7112244,0.127059496,0.702669982,,,,,
2.1642,7.122978267,39.7112244,0.127059496,0.702669982,,,,,
2.16432,7.122978267,39.7112244,0.127059496,0.702669982,,,,,
2.16444,7.122978267,39.7112244,0.127059496,0.702669982,,,,,
2.16456,7.122978267,39.7112244,0.127059496,0.702669982,,,,,
2.16468,7.126818561,39.71147522,0.126818145,0.701331114,,,,,
2.1648,7.126818561,39.71147522,0.126818145,0.701331114,,,,,
2.16492,7.126818561,39.71147522,0.126818145,0.701331114,,,,,
2.16504,7.126818561,39.71147522,0.126818145,0.701331114,,,,,
2.16516,7.126818561,39.71147522,0.126818145,0.701331114,,,,,
2.16528,7.126818561,39.71147522,0.126818145,0.701331114,,,,,
2.1654,7.126818561,39.71147522,0.126818145,0.701331114,,,,,
2.16552,7.126818561,39.71147522,0.126818145,0.701331114,,,,,
2.16564,7.126499503,39.71187787,0.126402859,0.699035107,,,,,
2.16576,7.126499503,39.71187787,0.126402859,0.699035107,,,,,
2.16588,7.126499503,39.71187787,0.126402859,0.699035107,,,,,
2.166,7.126499503,39.71187787,0.126402859,0.699035107,,,,,
2.16612,7.126499503,39.71187787,0.126402859,0.699035107,,,,,
2.16624,7.126499503,39.71187787,0.126402859,0.699035107,,,,,
2.16636,7.126499503,39.71187787,0.126402859,0.699035107,,,,,
2.16648,7.126499503,39.71187787,0.126402859,0.699035107,,,,,
2.1666,7.126499503,39.71187787,0.126402859,0.699035107,,,,,
2.16672,7.125484015,39.71213175,0.126129112,0.697524811,,,,,
2.16684,7.125484015,39.71213175,0.126129112,0.697524811,,,,,
2.16696,7.125484015,39.71213175,0.126129112,0.697524811,,,,,
2.16708,7.125484015,39.71213175,0.126129112,0.697524811,,,,,
2.1672,7.125484015,39.71213175,0.126129112,0.697524811,,,,,
2.16732,7.125484015,39.71213175,0.126129112,0.697524811,,,,,
2.16744,7.125484015,39.71213175,0.126129112,0.697524811,,,,,
2.16756,7.125484015,39.71213175,0.126129112,0.697524811,,,,,
2.16768,7.125484015,39.71213175,0.126129112,0.697524811,,,,,
2.1678,7.125075534,39.71226936,0.125965871,0.696628035,,,,,
2.16792,7.125075534,39.71226936,0.125965871,0.696628035,,,,,
2.16804,7.125075534,39.71226936,0.125965871,0.696628035,,,,,
2.16816,7.125075534,39.71226936,0.125965871,0.696628035,,,,,
2.16828,7.125075534,39.71226936,0.125965871,0.696628035,,,,,
2.1684,7.125075534,39.71226936,0.125965871,0.696628035,,,,,
2.16852,7.125075534,39.71226936,0.125965871,0.696628035,,,,,
2.16864,7.125075534,39.71226936,0.125965871,0.696628035,,,,,
2.16876,7.124809463,39.71230035,0.12590857,0.69631813,,,,,
2.16888,7.124809463,39.71230035,0.12590857,0.69631813,,,,,
2.169,7.124809463,39.71230035,0.12590857,0.69631813,,,,,
2.16912,7.124809463,39.71230035,0.12590857,0.69631813,,,,,
2.16924,7.124809463,39.71230035,0.12590857,0.69631813,,,,,
2.16936,7.124809463,39.71230035,0.12590857,0.69631813,,,,,
2.16948,7.124809463,39.71230035,0.12590857,0.69631813,,,,,
2.1696,7.124809463,39.71230035,0.12590857,0.69631813,,,,,
2.16972,7.124809463,39.71230035,0.12590857,0.69631813,,,,,
2.16984,7.124599342,39.7122339,0.125950803,0.69655883,,,,,
2.16996,7.124599342,39.7122339,0.125950803,0.69655883,,,,,
2.17008,7.124599342,39.7122339,0.125950803,0.69655883,,,,,
2.1702,7.124599342,39.7122339,0.125950803,0.69655883,,,,,
2.17032,7.124599342,39.7122339,0.125950803,0.69655883,,,,,
2.17044,7.124599342,39.7122339,0.125950803,0.69655883,,,,,
2.17056,7.124599342,39.7122339,0.125950803,0.69655883,,,,,
2.17068,7.124599342,39.7122339,0.125950803,0.69655883,,,,,
2.1708,7.124599342,39.7122339,0.125950803,0.69655883,,,,,
2.17092,7.124976091,39.71211939,0.126049616,0.697110431,,,,,
2.17104,7.124976091,39.71211939,0.126049616,0.697110431,,,,,
2.17116,7.124976091,39.71211939,0.126049616,0.697110431,,,,,
2.17128,7.124976091,39.71211939,0.126049616,0.697110431,,,,,
2.1714,7.124976091,39.71211939,0.126049616,0.697110431,,,,,
2.17152,7.124976091,39.71211939,0.126049616,0.697110431,,,,,
2.17164,7.124976091,39.71211939,0.126049616,0.697110431,,,,,
2.17176,7.124976091,39.71211939,0.126049616,0.697110431,,,,,
2.17188,7.124881684,39.71198738,0.126172036,0.697791008,,,,,
2.172,7.124881684,39.71198738,0.126172036,0.697791008,,,,,
2.17212,7.124881684,39.71198738,0.126172036,0.697791008,,,,,
2.17224,7.124881684,39.71198738,0.126172036,0.697791008,,,,,
2.17236,7.124881684,39.71198738,0.126172036,0.697791008,,,,,
2.17248,7.124881684,39.71198738,0.126172036,0.697791008,,,,,
2.1726,7.124881684,39.71198738,0.126172036,0.697791008,,,,,
2.17272,7.124881684,39.71198738,0.126172036,0.697791008,,,,,
2.17284,7.124881684,39.71198738,0.126172036,0.697791008,,,,,
2.17296,7.124562927,39.71181685,0.126337935,0.698710915,,,,,
2.17308,7.124562927,39.71181685,0.126337935,0.698710915,,,,,
2.1732,7.124562927,39.71181685,0.126337935,0.698710915,,,,,
2.17332,7.124562927,39.71181685,0.126337935,0.698710915,,,,,
2.17344,7.124562927,39.71181685,0.126337935,0.698710915,,,,,
2.17356,7.124562927,39.71181685,0.126337935,0.698710915,,,,,
2.17368,7.124562927,39.71181685,0.126337935,0.698710915,,,,,
2.1738,7.124562927,39.71181685,0.126337935,0.698710915,,,,,
2.17392,7.124562927,39.71181685,0.126337935,0.698710915,,,,,
2.17404,7.124199947,39.71162572,0.126533866,0.699794401,,,,,
2.17416,7.124199947,39.71162572,0.126533866,0.699794401,,,,,
2.17428,7.124199947,39.71162572,0.126533866,0.699794401,,,,,
2.1744,7.124199947,39.71162572,0.126533866,0.699794401,,,,,
2.17452,7.124199947,39.71162572,0.126533866,0.699794401,,,,,
2.17464,7.124199947,39.71162572,0.126533866,0.699794401,,,,,
2.17476,7.124199947,39.71162572,0.126533866,0.699794401,,,,,
2.17488,7.124199947,39.71162572,0.126533866,0.699794401,,,,,
2.175,7.124164017,39.71146092,0.126715114,0.700793268,,,,,
2.17512,7.124164017,39.71146092,0.126715114,0.700793268,,,,,
2.17524,7.124164017,39.71146092,0.126715114,0.700793268,,,,,
2.17536,7.124164017,39.71146092,0.126715114,0.700793268,,,,,
2.17548,7.124164017,39.71146092,0.126715114,0.700793268,,,,,
2.1756,7.124164017,39.71146092,0.126715114,0.700793268,,,,,
2.17572,7.124164017,39.71146092,0.126715114,0.700793268,,,,,
2.17584,7.124164017,39.71146092,0.126715114,0.700793268,,,,,
2.17596,7.124164017,39.71146092,0.126715114,0.700793268,,,,,
2.17608,7.12464989,39.71137633,0.126822028,0.701378925,,,,,
2.1762,7.12464989,39.71137633,0.126822028,0.701378925,,,,,
2.17632,7.12464989,39.71137633,0.126822028,0.701378925,,,,,
2.17644,7.12464989,39.71137633,0.126822028,0.701378925,,,,,
2.17656,7.12464989,39.71137633,0.126822028,0.701378925,,,,,
2.17668,7.12464989,39.71137633,0.126822028,0.701378925,,,,,
2.1768,7.12464989,39.71137633,0.126822028,0.701378925,,,,,
2.17692,7.12464989,39.71137633,0.126822028,0.701378925,,,,,
2.17704,7.12464989,39.71137633,0.126822028,0.701378925,,,,,
2.17716,7.12456938,39.71133808,0.126853541,0.70155537,,,,,
2.17728,7.12456938,39.71133808,0.126853541,0.70155537,,,,,
2.1774,7.12456938,39.71133808,0.126853541,0.70155537,,,,,
2.17752,7.12456938,39.71133808,0.126853541,0.70155537,,,,,
2.17764,7.12456938,39.71133808,0.126853541,0.70155537,,,,,
2.17776,7.12456938,39.71133808,0.126853541,0.70155537,,,,,
2.17788,7.12456938,39.71133808,0.126853541,0.70155537,,,,,
2.178,7.12456938,39.71133808,0.126853541,0.70155537,,,,,
2.17812,7.12456938,39.71133808,0.126853541,0.70155537,,,,,
2.17824,7.129841103,39.71139915,0.126801061,0.701262387,,,,,
2.17836,7.129841103,39.71139915,0.126801061,0.701262387,,,,,
2.17848,7.129841103,39.71139915,0.126801061,0.701262387,,,,,
2.1786,7.129841103,39.71139915,0.126801061,0.701262387,,,,,
2.17872,7.129841103,39.71139915,0.126801061,0.701262387,,,,,
2.17884,7.129841103,39.71139915,0.126801061,0.701262387,,,,,
2.17896,7.129841103,39.71139915,0.126801061,0.701262387,,,,,
2.17908,7.129841103,39.71139915,0.126801061,0.701262387,,,,,
2.1792,7.134304131,39.7121556,0.126103816,0.697385068,,,,,
2.17932,7.134304131,39.7121556,0.126103816,0.697385068,,,,,
2.17944,7.134304131,39.7121556,0.126103816,0.697385068,,,,,
2.17956,7.134304131,39.7121556,0.126103816,0.697385068,,,,,
2.17968,7.134304131,39.7121556,0.126103816,0.697385068,,,,,
2.1798,7.134304131,39.7121556,0.126103816,0.697385068,,,,,
2.17992,7.134304131,39.7121556,0.126103816,0.697385068,,,,,
2.18004,7.134304131,39.7121556,0.126103816,0.697385068,,,,,
2.18016,7.134304131,39.7121556,0.126103816,0.697385068,,,,,
2.18028,7.129315754,39.71284079,0.1254245,0.693621872,,,,,
2.1804,7.129315754,39.71284079,0.1254245,0.693621872,,,,,
2.18052,7.129315754,39.71284079,0.1254245,0.693621872,,,,,
2.18064,7.129315754,39.71284079,0.1254245,0.693621872,,,,,
2.18076,7.129315754,39.71284079,0.1254245,0.693621872,,,,,
2.18088,7.129315754,39.71284079,0.1254245,0.693621872,,,,,
2.181,7.129315754,39.71284079,0.1254245,0.693621872,,,,,
2.18112,7.129315754,39.71284079,0.1254245,0.693621872,,,,,
2.18124,7.129315754,39.71284079,0.1254245,0.693621872,,,,,
2.18136,7.133281719,39.7134031,0.124829111,0.690334209,,,,,
2.18148,7.133281719,39.7134031,0.124829111,0.690334209,,,,,
2.1816,7.133281719,39.7134031,0.124829111,0.690334209,,,,,
2.18172,7.133281719,39.7134031,0.124829111,0.690334209,,,,,
2.18184,7.133281719,39.7134031,0.124829111,0.690334209,,,,,
2.18196,7.133281719,39.7134031,0.124829111,0.690334209,,,,,
2.18208,7.133281719,39.7134031,0.124829111,0.690334209,,,,,
2.1822,7.133281719,39.7134031,0.124829111,0.690334209,,,,,
2.18232,7.134196771,39.71402722,0.124128765,0.686478019,,,,,
2.18244,7.134196771,39.71402722,0.124128765,0.686478019,,,,,
2.18256,7.134196771,39.71402722,0.124128765,0.686478019,,,,,
2.18268,7.134196771,39.71402722,0.124128765,0.686478019,,,,,
2.1828,7.134196771,39.71402722,0.124128765,0.686478019,,,,,
2.18292,7.134196771,39.71402722,0.124128765,0.686478019,,,,,
2.18304,7.134196771,39.71402722,0.124128765,0.686478019,,,,,
2.18316,7.134196771,39.71402722,0.124128765,0.686478019,,,,,
2.18328,7.134196771,39.71402722,0.124128765,0.686478019,,,,,
2.1834,7.133150788,39.71432271,0.1237479,0.684394618,,,,,
2.18352,7.133150788,39.71432271,0.1237479,0.684394618,,,,,
2.18364,7.133150788,39.71432271,0.1237479,0.684394618,,,,,
2.18376,7.133150788,39.71432271,0.1237479,0.684394618,,,,,
2.18388,7.133150788,39.71432271,0.1237479,0.684394618,,,,,
2.184,7.133150788,39.71432271,0.1237479,0.684394618,,,,,
2.18412,7.133150788,39.71432271,0.1237479,0.684394618,,,,,
2.18424,7.133150788,39.71432271,0.1237479,0.684394618,,,,,
2.18436,7.133150788,39.71432271,0.1237479,0.684394618,,,,,
2.18448,7.133041573,39.71433357,0.123667027,0.683968706,,,,,
2.1846,7.133041573,39.71433357,0.123667027,0.683968706,,,,,
2.18472,7.133041573,39.71433357,0.123667027,0.683968706,,,,,
2.18484,7.133041573,39.71433357,0.123667027,0.683968706,,,,,
2.18496,7.133041573,39.71433357,0.123667027,0.683968706,,,,,
2.18508,7.133041573,39.71433357,0.123667027,0.683968706,,,,,
2.1852,7.133041573,39.71433357,0.123667027,0.683968706,,,,,
2.18532,7.133041573,39.71433357,0.123667027,0.683968706,,,,,
2.18544,7.134191642,39.71421673,0.123747076,0.684423847,,,,,
2.18556,7.134191642,39.71421673,0.123747076,0.684423847,,,,,
2.18568,7.134191642,39.71421673,0.123747076,0.684423847,,,,,
2.1858,7.134191642,39.71421673,0.123747076,0.684423847,,,,,
2.18592,7.134191642,39.71421673,0.123747076,0.684423847,,,,,
2.18604,7.134191642,39.71421673,0.123747076,0.684423847,,,,,
2.18616,7.134191642,39.71421673,0.123747076,0.684423847,,,,,
2.18628,7.134191642,39.71421673,0.123747076,0.684423847,,,,,
2.1864,7.134191642,39.71421673,0.123747076,0.684423847,,,,,
2.18652,7.136911782,39.71420806,0.123752819,0.684456697,,,,,
2.18664,7.136911782,39.71420806,0.123752819,0.684456697,,,,,
2.18676,7.136911782,39.71420806,0.123752819,0.684456697,,,,,
2.18688,7.136911782,39.71420806,0.123752819,0.684456697,,,,,
2.187,7.136911782,39.71420806,0.123752819,0.684456697,,,,,
2.18712,7.136911782,39.71420806,0.123752819,0.684456697,,,,,
2.18724,7.136911782,39.71420806,0.123752819,0.684456697,,,,,
2.18736,7.136911782,39.71420806,0.123752819,0.684456697,,,,,
2.18748,7.136911782,39.71420806,0.123752819,0.684456697,,,,,
2.1876,7.141543166,39.71452856,0.123450306,0.682775997,,,,,
2.18772,7.141543166,39.71452856,0.123450306,0.682775997,,,,,
2.18784,7.141543166,39.71452856,0.123450306,0.682775997,,,,,
2.18796,7.141543166,39.71452856,0.123450306,0.682775997,,,,,
2.18808,7.141543166,39.71452856,0.123450306,0.682775997,,,,,
2.1882,7.141543166,39.71452856,0.123450306,0.682775997,,,,,
2.18832,7.141543166,39.71452856,0.123450306,0.682775997,,,,,
2.18844,7.141543166,39.71452856,0.123450306,0.682775997,,,,,
2.18856,7.145292349,39.71524451,0.12274454,0.678865061,,,,,
2.18868,7.145292349,39.71524451,0.12274454,0.678865061,,,,,
2.1888,7.145292349,39.71524451,0.12274454,0.678865061,,,,,
2.18892,7.145292349,39.71524451,0.12274454,0.678865061,,,,,
2.18904,7.145292349,39.71524451,0.12274454,0.678865061,,,,,
2.18916,7.145292349,39.71524451,0.12274454,0.678865061,,,,,
2.18928,7.145292349,39.71524451,0.12274454,0.678865061,,,,,
2.1894,7.145292349,39.71524451,0.12274454,0.678865061,,,,,
2.18952,7.145292349,39.71524451,0.12274454,0.678865061,,,,,
2.18964,7.146761235,39.71610049,0.121863687,0.673996063,,,,,
2.18976,7.146761235,39.71610049,0.121863687,0.673996063,,,,,
2.18988,7.146761235,39.71610049,0.121863687,0.673996063,,,,,
2.19,7.146761235,39.71610049,0.121863687,0.673996063,,,,,
2.19012,7.146761235,39.71610049,0.121863687,0.673996063,,,,,
2.19024,7.146761235,39.71610049,0.121863687,0.673996063,,,,,
2.19036,7.146761235,39.71610049,0.121863687,0.673996063,,,,,
2.19048,7.146761235,39.71610049,0.121863687,0.673996063,,,,,
2.1906,7.146761235,39.71610049,0.121863687,0.673996063,,,,,
2.19072,7.147442618,39.71685474,0.121049214,0.66950675,,,,,
2.19084,7.147442618,39.71685474,0.121049214,0.66950675,,,,,
2.19096,7.147442618,39.71685474,0.121049214,0.66950675,,,,,
2.19108,7.147442618,39.71685474,0.121049214,0.66950675,,,,,
2.1912,7.147442618,39.71685474,0.121049214,0.66950675,,,,,
2.19132,7.147442618,39.71685474,0.121049214,0.66950675,,,,,
2.19144,7.147442618,39.71685474,0.121049214,0.66950675,,,,,
2.19156,7.147442618,39.71685474,0.121049214,0.66950675,,,,,
2.19168,7.147213942,39.71735498,0.120469718,0.666326304,,,,,
2.1918,7.147213942,39.71735498,0.120469718,0.666326304,,,,,
2.19192,7.147213942,39.71735498,0.120469718,0.666326304,,,,,
2.19204,7.147213942,39.71735498,0.120469718,0.666326304,,,,,
2.19216,7.147213942,39.71735498,0.120469718,0.666326304,,,,,
2.19228,7.147213942,39.71735498,0.120469718,0.666326304,,,,,
2.1924,7.147213942,39.71735498,0.120469718,0.666326304,,,,,
2.19252,7.147213942,39.71735498,0.120469718,0.666326304,,,,,
2.19264,7.147213942,39.71735498,0.120469718,0.666326304,,,,,
2.19276,7.146654088,39.71753071,0.120225131,0.664997978,,,,,
2.19288,7.146654088,39.71753071,0.120225131,0.664997978,,,,,
2.193,7.146654088,39.71753071,0.120225131,0.664997978,,,,,
2.19312,7.146654088,39.71753071,0.120225131,0.664997978,,,,,
2.19324,7.146654088,39.71753071,0.120225131,0.664997978,,,,,
2.19336,7.146654088,39.71753071,0.120225131,0.664997978,,,,,
2.19348,7.146654088,39.71753071,0.120225131,0.664997978,,,,,
2.1936,7.146654088,39.71753071,0.120225131,0.664997978,,,,,
2.19372,7.146654088,39.71753071,0.120225131,0.664997978,,,,,
2.19384,7.147385006,39.71752296,0.12019389,0.664840362,,,,,
2.19396,7.147385006,39.71752296,0.12019389,0.664840362,,,,,
2.19408,7.147385006,39.71752296,0.12019389,0.664840362,,,,,
2.1942,7.147385006,39.71752296,0.12019389,0.664840362,,,,,
2.19432,7.147385006,39.71752296,0.12019389,0.664840362,,,,,
2.19444,7.147385006,39.71752296,0.12019389,0.664840362,,,,,
2.19456,7.147385006,39.71752296,0.12019389,0.664840362,,,,,
2.19468,7.147385006,39.71752296,0.12019389,0.664840362,,,,,
2.1948,7.150787798,39.71757346,0.120136328,0.664524509,,,,,
2.19492,7.150787798,39.71757346,0.120136328,0.664524509,,,,,
2.19504,7.150787798,39.71757346,0.120136328,0.664524509,,,,,
2.19516,7.150787798,39.71757346,0.120136328,0.664524509,,,,,
2.19528,7.150787798,39.71757346,0.120136328,0.664524509,,,,,
2.1954,7.150787798,39.71757346,0.120136328,0.664524509,,,,,
2.19552,7.150787798,39.71757346,0.120136328,0.664524509,,,,,
2.19564,7.150787798,39.71757346,0.120136328,0.664524509,,,,,
2.19576,7.150787798,39.71757346,0.120136328,0.664524509,,,,,
2.19588,7.15744417,39.71814812,0.119593012,0.66150389,,,,,
2.196,7.15744417,39.71814812,0.119593012,0.66150389,,,,,
2.19612,7.15744417,39.71814812,0.119593012,0.66150389,,,,,
2.19624,7.15744417,39.71814812,0.119593012,0.66150389,,,,,
2.19636,7.15744417,39.71814812,0.119593012,0.66150389,,,,,
2.19648,7.15744417,39.71814812,0.119593012,0.66150389,,,,,
2.1966,7.15744417,39.71814812,0.119593012,0.66150389,,,,,
2.19672,7.15744417,39.71814812,0.119593012,0.66150389,,,,,
2.19684,7.15744417,39.71814812,0.119593012,0.66150389,,,,,
2.19696,7.157977636,39.7191291,0.118633339,0.656182107,,,,,
2.19708,7.157977636,39.7191291,0.118633339,0.656182107,,,,,
2.1972,7.157977636,39.7191291,0.118633339,0.656182107,,,,,
2.19732,7.157977636,39.7191291,0.118633339,0.656182107,,,,,
2.19744,7.157977636,39.7191291,0.118633339,0.656182107,,,,,
2.19756,7.157977636,39.7191291,0.118633339,0.656182107,,,,,
2.19768,7.157977636,39.7191291,0.118633339,0.656182107,,,,,
2.1978,7.157977636,39.7191291,0.118633339,0.656182107,,,,,
2.19792,7.158736959,39.72009875,0.117653084,0.650758729,,,,,
2.19804,7.158736959,39.72009875,0.117653084,0.650758729,,,,,
2.19816,7.158736959,39.72009875,0.117653084,0.650758729,,,,,
2.19828,7.158736959,39.72009875,0.117653084,0.650758729,,,,,
2.1984,7.158736959,39.72009875,0.117653084,0.650758729,,,,,
2.19852,7.158736959,39.72009875,0.117653084,0.650758729,,,,,
2.19864,7.158736959,39.72009875,0.117653084,0.650758729,,,,,
2.19876,7.158736959,39.72009875,0.117653084,0.650758729,,,,,
2.19888,7.158736959,39.72009875,0.117653084,0.650758729,,,,,
2.199,7.158963208,39.72101487,0.116694209,0.64546671,,,,,
2.19912,7.158963208,39.72101487,0.116694209,0.64546671,,,,,
2.19924,7.158963208,39.72101487,0.116694209,0.64546671,,,,,
2.19936,7.158963208,39.72101487,0.116694209,0.64546671,,,,,
2.19948,7.158963208,39.72101487,0.116694209,0.64546671,,,,,
2.1996,7.158963208,39.72101487,0.116694209,0.64546671,,,,,
2.19972,7.158963208,39.72101487,0.116694209,0.64546671,,,,,
2.19984,7.158963208,39.72101487,0.116694209,0.64546671,,,,,
2.19996,7.158963208,39.72101487,0.116694209,0.64546671,,,,,
2.20008,7.157318306,39.72162821,0.116025871,0.641789388,,,,,
2.2002,7.157318306,39.72162821,0.116025871,0.641789388,,,,,
2.20032,7.157318306,39.72162821,0.116025871,0.641789388,,,,,
2.20044,7.157318306,39.72162821,0.116025871,0.641789388,,,,,
2.20056,7.157318306,39.72162821,0.116025871,0.641789388,,,,,
2.20068,7.157318306,39.72162821,0.116025871,0.641789388,,,,,
2.2008,7.157318306,39.72162821,0.116025871,0.641789388,,,,,
2.20092,7.157318306,39.72162821,0.116025871,0.641789388,,,,,
2.20104,7.157318306,39.72162821,0.116025871,0.641789388,,,,,
2.20116,7.15635097,39.72193156,0.115677996,0.639883038,,,,,
2.20128,7.15635097,39.72193156,0.115677996,0.639883038,,,,,
2.2014,7.15635097,39.72193156,0.115677996,0.639883038,,,,,
2.20152,7.15635097,39.72193156,0.115677996,0.639883038,,,,,
2.20164,7.15635097,39.72193156,0.115677996,0.639883038,,,,,
2.20176,7.15635097,39.72193156,0.115677996,0.639883038,,,,,
2.20188,7.15635097,39.72193156,0.115677996,0.639883038,,,,,
2.202,7.15635097,39.72193156,0.115677996,0.639883038,,,,,
2.20212,7.156823583,39.72209166,0.115502109,0.638916489,,,,,
2.20224,7.156823583,39.72209166,0.115502109,0.638916489,,,,,
2.20236,7.156823583,39.72209166,0.115502109,0.638916489,,,,,
2.20248,7.156823583,39.72209166,0.115502109,0.638916489,,,,,
2.2026,7.156823583,39.72209166,0.115502109,0.638916489,,,,,
2.20272,7.156823583,39.72209166,0.115502109,0.638916489,,,,,
2.20284,7.156823583,39.72209166,0.115502109,0.638916489,,,,,
2.20296,7.156823583,39.72209166,0.115502109,0.638916489,,,,,
2.20308,7.156823583,39.72209166,0.115502109,0.638916489,,,,,
2.2032,7.158174386,39.72236276,0.115242762,0.637475265,,,,,
2.20332,7.158174386,39.72236276,0.115242762,0.637475265,,,,,
2.20344,7.158174386,39.72236276,0.115242762,0.637475265,,,,,
2.20356,7.158174386,39.72236276,0.115242762,0.637475265,,,,,
2.20368,7.158174386,39.72236276,0.115242762,0.637475265,,,,,
2.2038,7.158174386,39.72236276,0.115242762,0.637475265,,,,,
2.20392,7.158174386,39.72236276,0.115242762,0.637475265,,,,,
2.20404,7.158174386,39.72236276,0.115242762,0.637475265,,,,,
2.20416,7.158174386,39.72236276,0.115242762,0.637475265,,,,,
2.20428,7.160271297,39.72283335,0.114792623,0.634973889,,,,,
2.2044,7.160271297,39.72283335,0.114792623,0.634973889,,,,,
2.20452,7.160271297,39.72283335,0.114792623,0.634973889,,,,,
2.20464,7.160271297,39.72283335,0.114792623,0.634973889,,,,,
2.20476,7.160271297,39.72283335,0.114792623,0.634973889,,,,,
2.20488,7.160271297,39.72283335,0.114792623,0.634973889,,,,,
2.205,7.160271297,39.72283335,0.114792623,0.634973889,,,,,
2.20512,7.160271297,39.72283335,0.114792623,0.634973889,,,,,
2.20524,7.162893499,39.7235966,0.11404563,0.630830987,,,,,
2.20536,7.162893499,39.7235966,0.11404563,0.630830987,,,,,
2.20548,7.162893499,39.7235966,0.11404563,0.630830987,,,,,
2.2056,7.162893499,39.7235966,0.11404563,0.630830987,,,,,
2.20572,7.162893499,39.7235966,0.11404563,0.630830987,,,,,
2.20584,7.162893499,39.7235966,0.11404563,0.630830987,,,,,
2.20596,7.162893499,39.7235966,0.11404563,0.630830987,,,,,
2.20608,7.162893499,39.7235966,0.11404563,0.630830987,,,,,
2.2062,7.162893499,39.7235966,0.11404563,0.630830987,,,,,
2.20632,7.162597897,39.7244497,0.113187215,0.626080755,,,,,
2.20644,7.162597897,39.7244497,0.113187215,0.626080755,,,,,
2.20656,7.162597897,39.7244497,0.113187215,0.626080755,,,,,
2.20668,7.162597897,39.7244497,0.113187215,0.626080755,,,,,
2.2068,7.162597897,39.7244497,0.113187215,0.626080755,,,,,
2.20692,7.162597897,39.7244497,0.113187215,0.626080755,,,,,
2.20704,7.162597897,39.7244497,0.113187215,0.626080755,,,,,
2.20716,7.162597897,39.7244497,0.113187215,0.626080755,,,,,
2.20728,7.162597897,39.7244497,0.113187215,0.626080755,,,,,
2.2074,7.163190692,39.72520474,0.112404806,0.621761376,,,,,
2.20752,7.163190692,39.72520474,0.112404806,0.621761376,,,,,
2.20764,7.163190692,39.72520474,0.112404806,0.621761376,,,,,
2.20776,7.163190692,39.72520474,0.112404806,0.621761376,,,,,
2.20788,7.163190692,39.72520474,0.112404806,0.621761376,,,,,
2.208,7.163190692,39.72520474,0.112404806,0.621761376,,,,,
2.20812,7.163190692,39.72520474,0.112404806,0.621761376,,,,,
2.20824,7.163190692,39.72520474,0.112404806,0.621761376,,,,,
2.20836,7.163286118,39.72581372,0.111746671,0.618141049,,,,,
2.20848,7.163286118,39.72581372,0.111746671,0.618141049,,,,,
2.2086,7.163286118,39.72581372,0.111746671,0.618141049,,,,,
2.20872,7.163286118,39.72581372,0.111746671,0.618141049,,,,,
2.20884,7.163286118,39.72581372,0.111746671,0.618141049,,,,,
2.20896,7.163286118,39.72581372,0.111746671,0.618141049,,,,,
2.20908,7.163286118,39.72581372,0.111746671,0.618141049,,,,,
2.2092,7.163286118,39.72581372,0.111746671,0.618141049,,,,,
2.20932,7.163286118,39.72581372,0.111746671,0.618141049,,,,,
2.20944,7.162677833,39.72613224,0.111374611,0.616108504,,,,,
2.20956,7.162677833,39.72613224,0.111374611,0.616108504,,,,,
2.20968,7.162677833,39.72613224,0.111374611,0.616108504,,,,,
2.2098,7.162677833,39.72613224,0.111374611,0.616108504,,,,,
2.20992,7.162677833,39.72613224,0.111374611,0.616108504,,,,,
2.21004,7.162677833,39.72613224,0.111374611,0.616108504,,,,,
2.21016,7.162677833,39.72613224,0.111374611,0.616108504,,,,,
2.21028,7.162677833,39.72613224,0.111374611,0.616108504,,,,,
2.2104,7.162677833,39.72613224,0.111374611,0.616108504,,,,,
2.21052,7.162489138,39.72617818,0.111283623,0.615629516,,,,,
2.21064,7.162489138,39.72617818,0.111283623,0.615629516,,,,,
2.21076,7.162489138,39.72617818,0.111283623,0.615629516,,,,,
2.21088,7.162489138,39.72617818,0.111283623,0.615629516,,,,,
2.211,7.162489138,39.72617818,0.111283623,0.615629516,,,,,
2.21112,7.162489138,39.72617818,0.111283623,0.615629516,,,,,
2.21124,7.162489138,39.72617818,0.111283623,0.615629516,,,,,
2.21136,7.162489138,39.72617818,0.111283623,0.615629516,,,,,
2.21148,7.162739254,39.72602138,0.111407675,0.616335535,,,,,
2.2116,7.162739254,39.72602138,0.111407675,0.616335535,,,,,
2.21172,7.162739254,39.72602138,0.111407675,0.616335535,,,,,
2.21184,7.162739254,39.72602138,0.111407675,0.616335535,,,,,
2.21196,7.162739254,39.72602138,0.111407675,0.616335535,,,,,
2.21208,7.162739254,39.72602138,0.111407675,0.616335535,,,,,
2.2122,7.162739254,39.72602138,0.111407675,0.616335535,,,,,
2.21232,7.162739254,39.72602138,0.111407675,0.616335535,,,,,
2.21244,7.162739254,39.72602138,0.111407675,0.616335535,,,,,
2.21256,7.16453526,39.72581183,0.111600922,0.61741544,,,,,
2.21268,7.16453526,39.72581183,0.111600922,0.61741544,,,,,
2.2128,7.16453526,39.72581183,0.111600922,0.61741544,,,,,
2.21292,7.16453526,39.72581183,0.111600922,0.61741544,,,,,
2.21304,7.16453526,39.72581183,0.111600922,0.61741544,,,,,
2.21316,7.16453526,39.72581183,0.111600922,0.61741544,,,,,
2.21328,7.16453526,39.72581183,0.111600922,0.61741544,,,,,
2.2134,7.16453526,39.72581183,0.111600922,0.61741544,,,,,
2.21352,7.16453526,39.72581183,0.111600922,0.61741544,,,,,
2.21364,7.167946755,39.72576634,0.111642579,0.617648514,,,,,
2.21376,7.167946755,39.72576634,0.111642579,0.617648514,,,,,
2.21388,7.167946755,39.72576634,0.111642579,0.617648514,,,,,
2.214,7.167946755,39.72576634,0.111642579,0.617648514,,,,,
2.21412,7.167946755,39.72576634,0.111642579,0.617648514,,,,,
2.21424,7.167946755,39.72576634,0.111642579,0.617648514,,,,,
2.21436,7.167946755,39.72576634,0.111642579,0.617648514,,,,,
2.21448,7.167946755,39.72576634,0.111642579,0.617648514,,,,,
2.2146,7.171608395,39.72598311,0.11142158,0.616427759,,,,,
2.21472,7.171608395,39.72598311,0.11142158,0.616427759,,,,,
2.21484,7.171608395,39.72598311,0.11142158,0.616427759,,,,,
2.21496,7.171608395,39.72598311,0.11142158,0.616427759,,,,,
2.21508,7.171608395,39.72598311,0.11142158,0.616427759,,,,,
2.2152,7.171608395,39.72598311,0.11142158,0.616427759,,,,,
2.21532,7.171608395,39.72598311,0.11142158,0.616427759,,,,,
2.21544,7.171608395,39.72598311,0.11142158,0.616427759,,,,,
2.21556,7.171608395,39.72598311,0.11142158,0.616427759,,,,,
2.21568,7.174144461,39.72636749,0.111020737,0.614219332,,,,,
2.2158,7.174144461,39.72636749,0.111020737,0.614219332,,,,,
2.21592,7.174144461,39.72636749,0.111020737,0.614219332,,,,,
2.21604,7.174144461,39.72636749,0.111020737,0.614219332,,,,,
2.21616,7.174144461,39.72636749,0.111020737,0.614219332,,,,,
2.21628,7.174144461,39.72636749,0.111020737,0.614219332,,,,,
2.2164,7.174144461,39.72636749,0.111020737,0.614219332,,,,,
2.21652,7.174144461,39.72636749,0.111020737,0.614219332,,,,,
2.21664,7.174144461,39.72636749,0.111020737,0.614219332,,,,,
2.21676,7.175941989,39.72673775,0.110617937,0.612011746,,,,,
2.21688,7.175941989,39.72673775,0.110617937,0.612011746,,,,,
2.217,7.175941989,39.72673775,0.110617937,0.612011746,,,,,
2.21712,7.175941989,39.72673775,0.110617937,0.612011746,,,,,
2.21724,7.175941989,39.72673775,0.110617937,0.612011746,,,,,
2.21736,7.175941989,39.72673775,0.110617937,0.612011746,,,,,
2.21748,7.175941989,39.72673775,0.110617937,0.612011746,,,,,
2.2176,7.175941989,39.72673775,0.110617937,0.612011746,,,,,
2.21772,7.176564872,39.72691276,0.110397283,0.610825193,,,,,
2.21784,7.176564872,39.72691276,0.110397283,0.610825193,,,,,
2.21796,7.176564872,39.72691276,0.110397283,0.610825193,,,,,
2.21808,7.176564872,39.72691276,0.110397283,0.610825193,,,,,
2.2182,7.176564872,39.72691276,0.110397283,0.610825193,,,,,
2.21832,7.176564872,39.72691276,0.110397283,0.610825193,,,,,
2.21844,7.176564872,39.72691276,0.110397283,0.610825193,,,,,
2.21856,7.176564872,39.72691276,0.110397283,0.610825193,,,,,
2.21868,7.176564872,39.72691276,0.110397283,0.610825193,,,,,
2.2188,7.176777786,39.72674646,0.110522028,0.611552963,,,,,
2.21892,7.176777786,39.72674646,0.110522028,0.611552963,,,,,
2.21904,7.176777786,39.72674646,0.110522028,0.611552963,,,,,
2.21916,7.176777786,39.72674646,0.110522028,0.611552963,,,,,
2.21928,7.176777786,39.72674646,0.110522028,0.611552963,,,,,
2.2194,7.176777786,39.72674646,0.110522028,0.611552963,,,,,
2.21952,7.176777786,39.72674646,0.110522028,0.611552963,,,,,
2.21964,7.176777786,39.72674646,0.110522028,0.611552963,,,,,
2.21976,7.176777786,39.72674646,0.110522028,0.611552963,,,,,
2.21988,7.178172989,39.7263512,0.110891706,0.613626279,,,,,
2.22,7.178172989,39.7263512,0.110891706,0.613626279,,,,,
2.22012,7.178172989,39.7263512,0.110891706,0.613626279,,,,,
2.22024,7.178172989,39.7263512,0.110891706,0.613626279,,,,,
2.22036,7.178172989,39.7263512,0.110891706,0.613626279,,,,,
2.22048,7.178172989,39.7263512,0.110891706,0.613626279,,,,,
2.2206,7.178172989,39.7263512,0.110891706,0.613626279,,,,,
2.22072,7.178172989,39.7263512,0.110891706,0.613626279,,,,,
2.22084,7.181382158,39.72594619,0.111284758,0.615816268,,,,,
2.22096,7.181382158,39.72594619,0.111284758,0.615816268,,,,,
2.22108,7.181382158,39.72594619,0.111284758,0.615816268,,,,,
2.2212,7.181382158,39.72594619,0.111284758,0.615816268,,,,,
2.22132,7.181382158,39.72594619,0.111284758,0.615816268,,,,,
2.22144,7.181382158,39.72594619,0.111284758,0.615816268,,,,,
2.22156,7.181382158,39.72594619,0.111284758,0.615816268,,,,,
2.22168,7.181382158,39.72594619,0.111284758,0.615816268,,,,,
2.2218,7.181382158,39.72594619,0.111284758,0.615816268,,,,,
2.22192,7.186903696,39.72581798,0.111409074,0.616509455,,,,,
2.22204,7.186903696,39.72581798,0.111409074,0.616509455,,,,,
2.22216,7.186903696,39.72581798,0.111409074,0.616509455,,,,,
2.22228,7.186903696,39.72581798,0.111409074,0.616509455,,,,,
2.2224,7.186903696,39.72581798,0.111409074,0.616509455,,,,,
2.22252,7.186903696,39.72581798,0.111409074,0.616509455,,,,,
2.22264,7.186903696,39.72581798,0.111409074,0.616509455,,,,,
2.22276,7.186903696,39.72581798,0.111409074,0.616509455,,,,,
2.22288,7.186903696,39.72581798,0.111409074,0.616509455,,,,,
2.223,7.191576532,39.72604333,0.111178244,0.615238997,,,,,
2.22312,7.191576532,39.72604333,0.111178244,0.615238997,,,,,
2.22324,7.191576532,39.72604333,0.111178244,0.615238997,,,,,
2.22336,7.191576532,39.72604333,0.111178244,0.615238997,,,,,
2.22348,7.191576532,39.72604333,0.111178244,0.615238997,,,,,
2.2236,7.191576532,39.72604333,0.111178244,0.615238997,,,,,
2.22372,7.191576532,39.72604333,0.111178244,0.615238997,,,,,
2.22384,7.191576532,39.72604333,0.111178244,0.615238997,,,,,
2.22396,7.194686502,39.72643157,0.11077741,0.613038374,,,,,
2.22408,7.194686502,39.72643157,0.11077741,0.613038374,,,,,
2.2242,7.194686502,39.72643157,0.11077741,0.613038374,,,,,
2.22432,7.194686502,39.72643157,0.11077741,0.613038374,,,,,
2.22444,7.194686502,39.72643157,0.11077741,0.613038374,,,,,
2.22456,7.194686502,39.72643157,0.11077741,0.613038374,,,,,
2.22468,7.194686502,39.72643157,0.11077741,0.613038374,,,,,
2.2248,7.194686502,39.72643157,0.11077741,0.613038374,,,,,
2.22492,7.194686502,39.72643157,0.11077741,0.613038374,,,,,
2.22504,7.19591135,39.72674093,0.11045097,0.61126133,,,,,
2.22516,7.19591135,39.72674093,0.11045097,0.61126133,,,,,
2.22528,7.19591135,39.72674093,0.11045097,0.61126133,,,,,
2.2254,7.19591135,39.72674093,0.11045097,0.61126133,,,,,
2.22552,7.19591135,39.72674093,0.11045097,0.61126133,,,,,
2.22564,7.19591135,39.72674093,0.11045097,0.61126133,,,,,
2.22576,7.19591135,39.72674093,0.11045097,0.61126133,,,,,
2.22588,7.19591135,39.72674093,0.11045097,0.61126133,,,,,
2.226,7.19591135,39.72674093,0.11045097,0.61126133,,,,,
2.22612,7.195845599,39.7267761,0.110402316,0.611024969,,,,,
2.22624,7.195845599,39.7267761,0.110402316,0.611024969,,,,,
2.22636,7.195845599,39.7267761,0.110402316,0.611024969,,,,,
2.22648,7.195845599,39.7267761,0.110402316,0.611024969,,,,,
2.2266,7.195845599,39.7267761,0.110402316,0.611024969,,,,,
2.22672,7.195845599,39.7267761,0.110402316,0.611024969,,,,,
2.22684,7.195845599,39.7267761,0.110402316,0.611024969,,,,,
2.22696,7.195845599,39.7267761,0.110402316,0.611024969,,,,,
2.22708,7.195845599,39.7267761,0.110402316,0.611024969,,,,,
2.2272,7.196861792,39.72658469,0.110588025,0.612074087,,,,,
2.22732,7.196861792,39.72658469,0.110588025,0.612074087,,,,,
2.22744,7.196861792,39.72658469,0.110588025,0.612074087,,,,,
2.22756,7.196861792,39.72658469,0.110588025,0.612074087,,,,,
2.22768,7.196861792,39.72658469,0.110588025,0.612074087,,,,,
2.2278,7.196861792,39.72658469,0.110588025,0.612074087,,,,,
2.22792,7.196861792,39.72658469,0.110588025,0.612074087,,,,,
2.22804,7.196861792,39.72658469,0.110588025,0.612074087,,,,,
2.22816,7.199535688,39.7264487,0.11072292,0.612826318,,,,,
2.22828,7.199535688,39.7264487,0.11072292,0.612826318,,,,,
2.2284,7.199535688,39.7264487,0.11072292,0.612826318,,,,,
2.22852,7.199535688,39.7264487,0.11072292,0.612826318,,,,,
2.22864,7.199535688,39.7264487,0.11072292,0.612826318,,,,,
2.22876,7.199535688,39.7264487,0.11072292,0.612826318,,,,,
2.22888,7.199535688,39.7264487,0.11072292,0.612826318,,,,,
2.229,7.199535688,39.7264487,0.11072292,0.612826318,,,,,
2.22912,7.199535688,39.7264487,0.11072292,0.612826318,,,,,
2.22924,7.204989646,39.72661346,0.110558821,0.611914596,,,,,
2.22936,7.204989646,39.72661346,0.110558821,0.611914596,,,,,
2.22948,7.204989646,39.72661346,0.110558821,0.611914596,,,,,
2.2296,7.204989646,39.72661346,0.110558821,0.611914596,,,,,
2.22972,7.204989646,39.72661346,0.110558821,0.611914596,,,,,
2.22984,7.204989646,39.72661346,0.110558821,0.611914596,,,,,
2.22996,7.204989646,39.72661346,0.110558821,0.611914596,,,,,
2.23008,7.204989646,39.72661346,0.110558821,0.611914596,,,,,
2.2302,7.204989646,39.72661346,0.110558821,0.611914596,,,,,
2.23032,7.211496314,39.72732698,0.109845851,0.607965677,,,,,
2.23044,7.211496314,39.72732698,0.109845851,0.607965677,,,,,
2.23056,7.211496314,39.72732698,0.109845851,0.607965677,,,,,
2.23068,7.211496314,39.72732698,0.109845851,0.607965677,,,,,
2.2308,7.211496314,39.72732698,0.109845851,0.607965677,,,,,
2.23092,7.211496314,39.72732698,0.109845851,0.607965677,,,,,
2.23104,7.211496314,39.72732698,0.109845851,0.607965677,,,,,
2.23116,7.211496314,39.72732698,0.109845851,0.607965677,,,,,
2.23128,7.214118182,39.72833111,0.108839275,0.602407814,,,,,
2.2314,7.214118182,39.72833111,0.108839275,0.602407814,,,,,
2.23152,7.214118182,39.72833111,0.108839275,0.602407814,,,,,
2.23164,7.214118182,39.72833111,0.108839275,0.602407814,,,,,
2.23176,7.214118182,39.72833111,0.108839275,0.602407814,,,,,
2.23188,7.214118182,39.72833111,0.108839275,0.602407814,,,,,
2.232,7.214118182,39.72833111,0.108839275,0.602407814,,,,,
2.23212,7.214118182,39.72833111,0.108839275,0.602407814,,,,,
2.23224,7.214118182,39.72833111,0.108839275,0.602407814,,,,,
2.23236,7.21412124,39.72919717,0.10797117,0.597634723,,,,,
2.23248,7.21412124,39.72919717,0.10797117,0.597634723,,,,,
2.2326,7.21412124,39.72919717,0.10797117,0.597634723,,,,,
2.23272,7.21412124,39.72919717,0.10797117,0.597634723,,,,,
2.23284,7.21412124,39.72919717,0.10797117,0.597634723,,,,,
2.23296,7.21412124,39.72919717,0.10797117,0.597634723,,,,,
2.23308,7.21412124,39.72919717,0.10797117,0.597634723,,,,,
2.2332,7.21412124,39.72919717,0.10797117,0.597634723,,,,,
2.23332,7.21412124,39.72919717,0.10797117,0.597634723,,,,,
2.23344,7.212837186,39.72965778,0.107515128,0.595149847,,,,,
2.23356,7.212837186,39.72965778,0.107515128,0.595149847,,,,,
2.23368,7.212837186,39.72965778,0.107515128,0.595149847,,,,,
2.2338,7.212837186,39.72965778,0.107515128,0.595149847,,,,,
2.23392,7.212837186,39.72965778,0.107515128,0.595149847,,,,,
2.23404,7.212837186,39.72965778,0.107515128,0.595149847,,,,,
2.23416,7.212837186,39.72965778,0.107515128,0.595149847,,,,,
2.23428,7.212837186,39.72965778,0.107515128,0.595149847,,,,,
2.2344,7.212051638,39.72971284,0.10746986,0.594932056,,,,,
2.23452,7.212051638,39.72971284,0.10746986,0.594932056,,,,,
2.23464,7.212051638,39.72971284,0.10746986,0.594932056,,,,,
2.23476,7.212051638,39.72971284,0.10746986,0.594932056,,,,,
2.23488,7.212051638,39.72971284,0.10746986,0.594932056,,,,,
2.235,7.212051638,39.72971284,0.10746986,0.594932056,,,,,
2.23512,7.212051638,39.72971284,0.10746986,0.594932056,,,,,
2.23524,7.212051638,39.72971284,0.10746986,0.594932056,,,,,
2.23536,7.212051638,39.72971284,0.10746986,0.594932056,,,,,
2.23548,7.21344986,39.72959303,0.107594241,0.595631656,,,,,
2.2356,7.21344986,39.72959303,0.107594241,0.595631656,,,,,
2.23572,7.21344986,39.72959303,0.107594241,0.595631656,,,,,
2.23584,7.21344986,39.72959303,0.107594241,0.595631656,,,,,
2.23596,7.21344986,39.72959303,0.107594241,0.595631656,,,,,
2.23608,7.21344986,39.72959303,0.107594241,0.595631656,,,,,
2.2362,7.21344986,39.72959303,0.107594241,0.595631656,,,,,
2.23632,7.21344986,39.72959303,0.107594241,0.595631656,,,,,
2.23644,7.21344986,39.72959303,0.107594241,0.595631656,,,,,
2.23656,7.217886574,39.72978904,0.107392351,0.594499775,,,,,
2.23668,7.217886574,39.72978904,0.107392351,0.594499775,,,,,
2.2368,7.217886574,39.72978904,0.107392351,0.594499775,,,,,
2.23692,7.217886574,39.72978904,0.107392351,0.594499775,,,,,
2.23704,7.217886574,39.72978904,0.107392351,0.594499775,,,,,
2.23716,7.217886574,39.72978904,0.107392351,0.594499775,,,,,
2.23728,7.217886574,39.72978904,0.107392351,0.594499775,,,,,
2.2374,7.217886574,39.72978904,0.107392351,0.594499775,,,,,
2.23752,7.221690786,39.73049864,0.10667661,0.590519052,,,,,
2.23764,7.221690786,39.73049864,0.10667661,0.590519052,,,,,
2.23776,7.221690786,39.73049864,0.10667661,0.590519052,,,,,
2.23788,7.221690786,39.73049864,0.10667661,0.590519052,,,,,
2.238,7.221690786,39.73049864,0.10667661,0.590519052,,,,,
2.23812,7.221690786,39.73049864,0.10667661,0.590519052,,,,,
2.23824,7.221690786,39.73049864,0.10667661,0.590519052,,,,,
2.23836,7.221690786,39.73049864,0.10667661,0.590519052,,,,,
2.23848,7.221690786,39.73049864,0.10667661,0.590519052,,,,,
2.2386,7.225278729,39.73162768,0.105545607,0.58425161,,,,,
2.23872,7.225278729,39.73162768,0.105545607,0.58425161,,,,,
2.23884,7.225278729,39.73162768,0.105545607,0.58425161,,,,,
2.23896,7.225278729,39.73162768,0.105545607,0.58425161,,,,,
2.23908,7.225278729,39.73162768,0.105545607,0.58425161,,,,,
2.2392,7.225278729,39.73162768,0.105545607,0.58425161,,,,,
2.23932,7.225278729,39.73162768,0.105545607,0.58425161,,,,,
2.23944,7.225278729,39.73162768,0.105545607,0.58425161,,,,,
2.23956,7.225278729,39.73162768,0.105545607,0.58425161,,,,,
2.23968,7.225078824,39.73287373,0.104302874,0.577386852,,,,,
2.2398,7.225078824,39.73287373,0.104302874,0.577386852,,,,,
2.23992,7.225078824,39.73287373,0.104302874,0.577386852,,,,,
2.24004,7.225078824,39.73287373,0.104302874,0.577386852,,,,,
2.24016,7.225078824,39.73287373,0.104302874,0.577386852,,,,,
2.24028,7.225078824,39.73287373,0.104302874,0.577386852,,,,,
2.2404,7.225078824,39.73287373,0.104302874,0.577386852,,,,,
2.24052,7.225078824,39.73287373,0.104302874,0.577386852,,,,,
2.24064,7.222753619,39.73378593,0.103401141,0.572425685,,,,,
2.24076,7.222753619,39.73378593,0.103401141,0.572425685,,,,,
2.24088,7.222753619,39.73378593,0.103401141,0.572425685,,,,,
2.241,7.222753619,39.73378593,0.103401141,0.572425685,,,,,
2.24112,7.222753619,39.73378593,0.103401141,0.572425685,,,,,
2.24124,7.222753619,39.73378593,0.103401141,0.572425685,,,,,
2.24136,7.222753619,39.73378593,0.103401141,0.572425685,,,,,
2.24148,7.222753619,39.73378593,0.103401141,0.572425685,,,,,
2.2416,7.222753619,39.73378593,0.103401141,0.572425685,,,,,
2.24172,7.221006827,39.73426485,0.102939265,0.569903118,,,,,
2.24184,7.221006827,39.73426485,0.102939265,0.569903118,,,,,
2.24196,7.221006827,39.73426485,0.102939265,0.569903118,,,,,
2.24208,7.221006827,39.73426485,0.102939265,0.569903118,,,,,
2.2422,7.221006827,39.73426485,0.102939265,0.569903118,,,,,
2.24232,7.221006827,39.73426485,0.102939265,0.569903118,,,,,
2.24244,7.221006827,39.73426485,0.102939265,0.569903118,,,,,
2.24256,7.221006827,39.73426485,0.102939265,0.569903118,,,,,
2.24268,7.221006827,39.73426485,0.102939265,0.569903118,,,,,
2.2428,7.219894033,39.73438196,0.10283809,0.569367801,,,,,
2.24292,7.219894033,39.73438196,0.10283809,0.569367801,,,,,
2.24304,7.219894033,39.73438196,0.10283809,0.569367801,,,,,
2.24316,7.219894033,39.73438196,0.10283809,0.569367801,,,,,
2.24328,7.219894033,39.73438196,0.10283809,0.569367801,,,,,
2.2434,7.219894033,39.73438196,0.10283809,0.569367801,,,,,
2.24352,7.219894033,39.73438196,0.10283809,0.569367801,,,,,
2.24364,7.219894033,39.73438196,0.10283809,0.569367801,,,,,
2.24376,7.220351313,39.73435754,0.102869051,0.569548108,,,,,
2.24388,7.220351313,39.73435754,0.102869051,0.569548108,,,,,
2.244,7.220351313,39.73435754,0.102869051,0.569548108,,,,,
2.24412,7.220351313,39.73435754,0.102869051,0.569548108,,,,,
2.24424,7.220351313,39.73435754,0.102869051,0.569548108,,,,,
2.24436,7.220351313,39.73435754,0.102869051,0.569548108,,,,,
2.24448,7.220351313,39.73435754,0.102869051,0.569548108,,,,,
2.2446,7.220351313,39.73435754,0.102869051,0.569548108,,,,,
2.24472,7.220351313,39.73435754,0.102869051,0.569548108,,,,,
2.24484,7.222567793,39.73441813,0.102806291,0.569197934,,,,,
2.24496,7.222567793,39.73441813,0.102806291,0.569197934,,,,,
2.24508,7.222567793,39.73441813,0.102806291,0.569197934,,,,,
2.2452,7.222567793,39.73441813,0.102806291,0.569197934,,,,,
2.24532,7.222567793,39.73441813,0.102806291,0.569197934,,,,,
2.24544,7.222567793,39.73441813,0.102806291,0.569197934,,,,,
2.24556,7.222567793,39.73441813,0.102806291,0.569197934,,,,,
2.24568,7.222567793,39.73441813,0.102806291,0.569197934,,,,,
2.2458,7.222567793,39.73441813,0.102806291,0.569197934,,,,,
2.24592,7.225227125,39.7347853,0.102431994,0.567116583,,,,,
2.24604,7.225227125,39.7347853,0.102431994,0.567116583,,,,,
2.24616,7.225227125,39.7347853,0.102431994,0.567116583,,,,,
2.24628,7.225227125,39.7347853,0.102431994,0.567116583,,,,,
2.2464,7.225227125,39.7347853,0.102431994,0.567116583,,,,,
2.24652,7.225227125,39.7347853,0.102431994,0.567116583,,,,,
2.24664,7.225227125,39.7347853,0.102431994,0.567116583,,,,,
2.24676,7.225227125,39.7347853,0.102431994,0.567116583,,,,,
2.24688,7.224475249,39.73527806,0.101936496,0.564370434,,,,,
2.247,7.224475249,39.73527806,0.101936496,0.564370434,,,,,
2.24712,7.224475249,39.73527806,0.101936496,0.564370434,,,,,
2.24724,7.224475249,39.73527806,0.101936496,0.564370434,,,,,
2.24736,7.224475249,39.73527806,0.101936496,0.564370434,,,,,
2.24748,7.224475249,39.73527806,0.101936496,0.564370434,,,,,
2.2476,7.224475249,39.73527806,0.101936496,0.564370434,,,,,
2.24772,7.224475249,39.73527806,0.101936496,0.564370434,,,,,
2.24784,7.224475249,39.73527806,0.101936496,0.564370434,,,,,
2.24796,7.2247644,39.73573991,0.101477148,0.561832082,,,,,
2.24808,7.2247644,39.73573991,0.101477148,0.561832082,,,,,
2.2482,7.2247644,39.73573991,0.101477148,0.561832082,,,,,
2.24832,7.2247644,39.73573991,0.101477148,0.561832082,,,,,
2.24844,7.2247644,39.73573991,0.101477148,0.561832082,,,,,
2.24856,7.2247644,39.73573991,0.101477148,0.561832082,,,,,
2.24868,7.2247644,39.73573991,0.101477148,0.561832082,,,,,
2.2488,7.2247644,39.73573991,0.101477148,0.561832082,,,,,
2.24892,7.2247644,39.73573991,0.101477148,0.561832082,,,,,
2.24904,7.224480722,39.73614261,0.101082145,0.559656979,,,,,
2.24916,7.224480722,39.73614261,0.101082145,0.559656979,,,,,
2.24928,7.224480722,39.73614261,0.101082145,0.559656979,,,,,
2.2494,7.224480722,39.73614261,0.101082145,0.559656979,,,,,
2.24952,7.224480722,39.73614261,0.101082145,0.559656979,,,,,
2.24964,7.224480722,39.73614261,0.101082145,0.559656979,,,,,
2.24976,7.224480722,39.73614261,0.101082145,0.559656979,,,,,
2.24988,7.224480722,39.73614261,0.101082145,0.559656979,,,,,
2.25,7.225229708,39.73643558,0.100801956,0.558122944,,,,,
2.25012,7.225229708,39.73643558,0.100801956,0.558122944,,,,,
2.25024,7.225229708,39.73643558,0.100801956,0.558122944,,,,,
2.25036,7.225229708,39.73643558,0.100801956,0.558122944,,,,,
2.25048,7.225229708,39.73643558,0.100801956,0.558122944,,,,,
2.2506,7.225229708,39.73643558,0.100801956,0.558122944,,,,,
2.25072,7.225229708,39.73643558,0.100801956,0.558122944,,,,,
2.25084,7.225229708,39.73643558,0.100801956,0.558122944,,,,,
2.25096,7.225229708,39.73643558,0.100801956,0.558122944,,,,,
2.25108,7.225397652,39.73659506,0.100663165,0.557378753,,,,,
2.2512,7.225397652,39.73659506,0.100663165,0.557378753,,,,,
2.25132,7.225397652,39.73659506,0.100663165,0.557378753,,,,,
2.25144,7.225397652,39.73659506,0.100663165,0.557378753,,,,,
2.25156,7.225397652,39.73659506,0.100663165,0.557378753,,,,,
2.25168,7.225397652,39.73659506,0.100663165,0.557378753,,,,,
2.2518,7.225397652,39.73659506,0.100663165,0.557378753,,,,,
2.25192,7.225397652,39.73659506,0.100663165,0.557378753,,,,,
2.25204,7.225397652,39.73659506,0.100663165,0.557378753,,,,,
2.25216,7.22512772,39.73653799,0.10074364,0.557847966,,,,,
2.25228,7.22512772,39.73653799,0.10074364,0.557847966,,,,,
2.2524,7.22512772,39.73653799,0.10074364,0.557847966,,,,,
2.25252,7.22512772,39.73653799,0.10074364,0.557847966,,,,,
2.25264,7.22512772,39.73653799,0.10074364,0.557847966,,,,,
2.25276,7.22512772,39.73653799,0.10074364,0.557847966,,,,,
2.25288,7.22512772,39.73653799,0.10074364,0.557847966,,,,,
2.253,7.22512772,39.73653799,0.10074364,0.557847966,,,,,
2.25312,7.22512772,39.73653799,0.10074364,0.557847966,,,,,
2.25324,7.223577927,39.73619689,0.101112225,0.559912662,,,,,
2.25336,7.223577927,39.73619689,0.101112225,0.559912662,,,,,
2.25348,7.223577927,39.73619689,0.101112225,0.559912662,,,,,
2.2536,7.223577927,39.73619689,0.101112225,0.559912662,,,,,
2.25372,7.223577927,39.73619689,0.101112225,0.559912662,,,,,
2.25384,7.223577927,39.73619689,0.101112225,0.559912662,,,,,
2.25396,7.223577927,39.73619689,0.101112225,0.559912662,,,,,
2.25408,7.223577927,39.73619689,0.101112225,0.559912662,,,,,
2.2542,7.22422541,39.73559144,0.101739716,0.563403328,,,,,
2.25432,7.22422541,39.73559144,0.101739716,0.563403328,,,,,
2.25444,7.22422541,39.73559144,0.101739716,0.563403328,,,,,
2.25456,7.22422541,39.73559144,0.101739716,0.563403328,,,,,
2.25468,7.22422541,39.73559144,0.101739716,0.563403328,,,,,
2.2548,7.22422541,39.73559144,0.101739716,0.563403328,,,,,
2.25492,7.22422541,39.73559144,0.101739716,0.563403328,,,,,
2.25504,7.22422541,39.73559144,0.101739716,0.563403328,,,,,
2.25516,7.22422541,39.73559144,0.101739716,0.563403328,,,,,
2.25528,7.226003406,39.73502322,0.102313563,0.566583326,,,,,
2.2554,7.226003406,39.73502322,0.102313563,0.566583326,,,,,
2.25552,7.226003406,39.73502322,0.102313563,0.566583326,,,,,
2.25564,7.226003406,39.73502322,0.102313563,0.566583326,,,,,
2.25576,7.226003406,39.73502322,0.102313563,0.566583326,,,,,
2.25588,7.226003406,39.73502322,0.102313563,0.566583326,,,,,
2.256,7.226003406,39.73502322,0.102313563,0.566583326,,,,,
2.25612,7.226003406,39.73502322,0.102313563,0.566583326,,,,,
2.25624,7.226003406,39.73502322,0.102313563,0.566583326,,,,,
2.25636,7.227671778,39.73456827,0.102762232,0.569061255,,,,,
2.25648,7.227671778,39.73456827,0.102762232,0.569061255,,,,,
2.2566,7.227671778,39.73456827,0.102762232,0.569061255,,,,,
2.25672,7.227671778,39.73456827,0.102762232,0.569061255,,,,,
2.25684,7.227671778,39.73456827,0.102762232,0.569061255,,,,,
2.25696,7.227671778,39.73456827,0.102762232,0.569061255,,,,,
2.25708,7.227671778,39.73456827,0.102762232,0.569061255,,,,,
2.2572,7.227671778,39.73456827,0.102762232,0.569061255,,,,,
2.25732,7.231546888,39.73438915,0.102933773,0.570004564,,,,,
2.25744,7.231546888,39.73438915,0.102933773,0.570004564,,,,,
2.25756,7.231546888,39.73438915,0.102933773,0.570004564,,,,,
2.25768,7.231546888,39.73438915,0.102933773,0.570004564,,,,,
2.2578,7.231546888,39.73438915,0.102933773,0.570004564,,,,,
2.25792,7.231546888,39.73438915,0.102933773,0.570004564,,,,,
2.25804,7.231546888,39.73438915,0.102933773,0.570004564,,,,,
2.25816,7.231546888,39.73438915,0.102933773,0.570004564,,,,,
2.25828,7.231546888,39.73438915,0.102933773,0.570004564,,,,,
2.2584,7.234273787,39.73447019,0.102858323,0.56959171,,,,,
2.25852,7.234273787,39.73447019,0.102858323,0.56959171,,,,,
2.25864,7.234273787,39.73447019,0.102858323,0.56959171,,,,,
2.25876,7.234273787,39.73447019,0.102858323,0.56959171,,,,,
2.25888,7.234273787,39.73447019,0.102858323,0.56959171,,,,,
2.259,7.234273787,39.73447019,0.102858323,0.56959171,,,,,
2.25912,7.234273787,39.73447019,0.102858323,0.56959171,,,,,
2.25924,7.234273787,39.73447019,0.102858323,0.56959171,,,,,
2.25936,7.234273787,39.73447019,0.102858323,0.56959171,,,,,
2.25948,7.235516611,39.73457693,0.102777124,0.569162183,,,,,
2.2596,7.235516611,39.73457693,0.102777124,0.569162183,,,,,
2.25972,7.235516611,39.73457693,0.102777124,0.569162183,,,,,
2.25984,7.235516611,39.73457693,0.102777124,0.569162183,,,,,
2.25996,7.235516611,39.73457693,0.102777124,0.569162183,,,,,
2.26008,7.235516611,39.73457693,0.102777124,0.569162183,,,,,
2.2602,7.235516611,39.73457693,0.102777124,0.569162183,,,,,
2.26032,7.235516611,39.73457693,0.102777124,0.569162183,,,,,
2.26044,7.234990973,39.73444378,0.102957189,0.570191486,,,,,
2.26056,7.234990973,39.73444378,0.102957189,0.570191486,,,,,
2.26068,7.234990973,39.73444378,0.102957189,0.570191486,,,,,
2.2608,7.234990973,39.73444378,0.102957189,0.570191486,,,,,
2.26092,7.234990973,39.73444378,0.102957189,0.570191486,,,,,
2.26104,7.234990973,39.73444378,0.102957189,0.570191486,,,,,
2.26116,7.234990973,39.73444378,0.102957189,0.570191486,,,,,
2.26128,7.234990973,39.73444378,0.102957189,0.570191486,,,,,
2.2614,7.234990973,39.73444378,0.102957189,0.570191486,,,,,
2.26152,7.2343948,39.73396155,0.10348975,0.573169948,,,,,
2.26164,7.2343948,39.73396155,0.10348975,0.573169948,,,,,
2.26176,7.2343948,39.73396155,0.10348975,0.573169948,,,,,
2.26188,7.2343948,39.73396155,0.10348975,0.573169948,,,,,
2.262,7.2343948,39.73396155,0.10348975,0.573169948,,,,,
2.26212,7.2343948,39.73396155,0.10348975,0.573169948,,,,,
2.26224,7.2343948,39.73396155,0.10348975,0.573169948,,,,,
2.26236,7.2343948,39.73396155,0.10348975,0.573169948,,,,,
2.26248,7.2343948,39.73396155,0.10348975,0.573169948,,,,,
2.2626,7.233844315,39.73317084,0.104319288,0.577782298,,,,,
2.26272,7.233844315,39.73317084,0.104319288,0.577782298,,,,,
2.26284,7.233844315,39.73317084,0.104319288,0.577782298,,,,,
2.26296,7.233844315,39.73317084,0.104319288,0.577782298,,,,,
2.26308,7.233844315,39.73317084,0.104319288,0.577782298,,,,,
2.2632,7.233844315,39.73317084,0.104319288,0.577782298,,,,,
2.26332,7.233844315,39.73317084,0.104319288,0.577782298,,,,,
2.26344,7.233844315,39.73317084,0.104319288,0.577782298,,,,,
2.26356,7.237010063,39.73233748,0.105164803,0.582467246,,,,,
2.26368,7.237010063,39.73233748,0.105164803,0.582467246,,,,,
2.2638,7.237010063,39.73233748,0.105164803,0.582467246,,,,,
2.26392,7.237010063,39.73233748,0.105164803,0.582467246,,,,,
2.26404,7.237010063,39.73233748,0.105164803,0.582467246,,,,,
2.26416,7.237010063,39.73233748,0.105164803,0.582467246,,,,,
2.26428,7.237010063,39.73233748,0.105164803,0.582467246,,,,,
2.2644,7.237010063,39.73233748,0.105164803,0.582467246,,,,,
2.26452,7.237010063,39.73233748,0.105164803,0.582467246,,,,,
2.26464,7.240520044,39.73178514,0.1057094,0.585476219,,,,,
2.26476,7.240520044,39.73178514,0.1057094,0.585476219,,,,,
2.26488,7.240520044,39.73178514,0.1057094,0.585476219,,,,,
2.265,7.240520044,39.73178514,0.1057094,0.585476219,,,,,
2.26512,7.240520044,39.73178514,0.1057094,0.585476219,,,,,
2.26524,7.240520044,39.73178514,0.1057094,0.585476219,,,,,
2.26536,7.240520044,39.73178514,0.1057094,0.585476219,,,,,
2.26548,7.240520044,39.73178514,0.1057094,0.585476219,,,,,
2.2656,7.240520044,39.73178514,0.1057094,0.585476219,,,,,
2.26572,7.243520501,39.7315127,0.105970958,0.58691734,,,,,
2.26584,7.243520501,39.7315127,0.105970958,0.58691734,,,,,
2.26596,7.243520501,39.7315127,0.105970958,0.58691734,,,,,
2.26608,7.243520501,39.7315127,0.105970958,0.58691734,,,,,
2.2662,7.243520501,39.7315127,0.105970958,0.58691734,,,,,
2.26632,7.243520501,39.7315127,0.105970958,0.58691734,,,,,
2.26644,7.243520501,39.7315127,0.105970958,0.58691734,,,,,
2.26656,7.243520501,39.7315127,0.105970958,0.58691734,,,,,
2.26668,7.245861336,39.73147117,0.106013703,0.587154532,,,,,
2.2668,7.245861336,39.73147117,0.106013703,0.587154532,,,,,
2.26692,7.245861336,39.73147117,0.106013703,0.587154532,,,,,
2.26704,7.245861336,39.73147117,0.106013703,0.587154532,,,,,
2.26716,7.245861336,39.73147117,0.106013703,0.587154532,,,,,
2.26728,7.245861336,39.73147117,0.106013703,0.587154532,,,,,
2.2674,7.245861336,39.73147117,0.106013703,0.587154532,,,,,
2.26752,7.245861336,39.73147117,0.106013703,0.587154532,,,,,
2.26764,7.245861336,39.73147117,0.106013703,0.587154532,,,,,
2.26776,7.246682486,39.73148344,0.10601882,0.587192458,,,,,
2.26788,7.246682486,39.73148344,0.10601882,0.587192458,,,,,
2.268,7.246682486,39.73148344,0.10601882,0.587192458,,,,,
2.26812,7.246682486,39.73148344,0.10601882,0.587192458,,,,,
2.26824,7.246682486,39.73148344,0.10601882,0.587192458,,,,,
2.26836,7.246682486,39.73148344,0.10601882,0.587192458,,,,,
2.26848,7.246682486,39.73148344,0.10601882,0.587192458,,,,,
2.2686,7.246682486,39.73148344,0.10601882,0.587192458,,,,,
2.26872,7.246682486,39.73148344,0.10601882,0.587192458,,,,,
2.26884,7.246595371,39.73139282,0.106136905,0.58786052,,,,,
2.26896,7.246595371,39.73139282,0.106136905,0.58786052,,,,,
2.26908,7.246595371,39.73139282,0.106136905,0.58786052,,,,,
2.2692,7.246595371,39.73139282,0.106136905,0.58786052,,,,,
2.26932,7.246595371,39.73139282,0.106136905,0.58786052,,,,,
2.26944,7.246595371,39.73139282,0.106136905,0.58786052,,,,,
2.26956,7.246595371,39.73139282,0.106136905,0.58786052,,,,,
2.26968,7.246595371,39.73139282,0.106136905,0.58786052,,,,,
2.2698,7.247253169,39.73118731,0.106364965,0.589134046,,,,,
2.26992,7.247253169,39.73118731,0.106364965,0.589134046,,,,,
2.27004,7.247253169,39.73118731,0.106364965,0.589134046,,,,,
2.27016,7.247253169,39.73118731,0.106364965,0.589134046,,,,,
2.27028,7.247253169,39.73118731,0.106364965,0.589134046,,,,,
2.2704,7.247253169,39.73118731,0.106364965,0.589134046,,,,,
2.27052,7.247253169,39.73118731,0.106364965,0.589134046,,,,,
2.27064,7.247253169,39.73118731,0.106364965,0.589134046,,,,,
2.27076,7.247253169,39.73118731,0.106364965,0.589134046,,,,,
2.27088,7.24850801,39.73099078,0.106572428,0.590287476,,,,,
2.271,7.24850801,39.73099078,0.106572428,0.590287476,,,,,
2.27112,7.24850801,39.73099078,0.106572428,0.590287476,,,,,
2.27124,7.24850801,39.73099078,0.106572428,0.590287476,,,,,
2.27136,7.24850801,39.73099078,0.106572428,0.590287476,,,,,
2.27148,7.24850801,39.73099078,0.106572428,0.590287476,,,,,
2.2716,7.24850801,39.73099078,0.106572428,0.590287476,,,,,
2.27172,7.24850801,39.73099078,0.106572428,0.590287476,,,,,
2.27184,7.24850801,39.73099078,0.106572428,0.590287476,,,,,
2.27196,7.250222384,39.73086988,0.106697302,0.590980437,,,,,
2.27208,7.250222384,39.73086988,0.106697302,0.590980437,,,,,
2.2722,7.250222384,39.73086988,0.106697302,0.590980437,,,,,
2.27232,7.250222384,39.73086988,0.106697302,0.590980437,,,,,
2.27244,7.250222384,39.73086988,0.106697302,0.590980437,,,,,
2.27256,7.250222384,39.73086988,0.106697302,0.590980437,,,,,
2.27268,7.250222384,39.73086988,0.106697302,0.590980437,,,,,
2.2728,7.250222384,39.73086988,0.106697302,0.590980437,,,,,
2.27292,7.251945074,39.73087802,0.106693134,0.590959419,,,,,
2.27304,7.251945074,39.73087802,0.106693134,0.590959419,,,,,
2.27316,7.251945074,39.73087802,0.106693134,0.590959419,,,,,
2.27328,7.251945074,39.73087802,0.106693134,0.590959419,,,,,
2.2734,7.251945074,39.73087802,0.106693134,0.590959419,,,,,
2.27352,7.251945074,39.73087802,0.106693134,0.590959419,,,,,
2.27364,7.251945074,39.73087802,0.106693134,0.590959419,,,,,
2.27376,7.251945074,39.73087802,0.106693134,0.590959419,,,,,
2.27388,7.251945074,39.73087802,0.106693134,0.590959419,,,,,
2.274,7.252311854,39.7309305,0.106649708,0.590723669,,,,,
2.27412,7.252311854,39.7309305,0.106649708,0.590723669,,,,,
2.27424,7.252311854,39.7309305,0.106649708,0.590723669,,,,,
2.27436,7.252311854,39.7309305,0.106649708,0.590723669,,,,,
2.27448,7.252311854,39.7309305,0.106649708,0.590723669,,,,,
2.2746,7.252311854,39.7309305,0.106649708,0.590723669,,,,,
2.27472,7.252311854,39.7309305,0.106649708,0.590723669,,,,,
2.27484,7.252311854,39.7309305,0.106649708,0.590723669,,,,,
2.27496,7.252311854,39.7309305,0.106649708,0.590723669,,,,,
2.27508,7.252421428,39.73094937,0.106642031,0.59068668,,,,,
2.2752,7.252421428,39.73094937,0.106642031,0.59068668,,,,,
2.27532,7.252421428,39.73094937,0.106642031,0.59068668,,,,,
2.27544,7.252421428,39.73094937,0.106642031,0.59068668,,,,,
2.27556,7.252421428,39.73094937,0.106642031,0.59068668,,,,,
2.27568,7.252421428,39.73094937,0.106642031,0.59068668,,,,,
2.2758,7.252421428,39.73094937,0.106642031,0.59068668,,,,,
2.27592,7.252421428,39.73094937,0.106642031,0.59068668,,,,,
2.27604,7.252421428,39.73094937,0.106642031,0.59068668,,,,,
2.27616,7.252505024,39.73092966,0.106670183,0.590846528,,,,,
2.27628,7.252505024,39.73092966,0.106670183,0.590846528,,,,,
2.2764,7.252505024,39.73092966,0.106670183,0.590846528,,,,,
2.27652,7.252505024,39.73092966,0.106670183,0.590846528,,,,,
2.27664,7.252505024,39.73092966,0.106670183,0.590846528,,,,,
2.27676,7.252505024,39.73092966,0.106670183,0.590846528,,,,,
2.27688,7.252505024,39.73092966,0.106670183,0.590846528,,,,,
2.277,7.252505024,39.73092966,0.106670183,0.590846528,,,,,
2.27712,7.252534481,39.73088649,0.106720574,0.591128785,,,,,
2.27724,7.252534481,39.73088649,0.106720574,0.591128785,,,,,
2.27736,7.252534481,39.73088649,0.106720574,0.591128785,,,,,
2.27748,7.252534481,39.73088649,0.106720574,0.591128785,,,,,
2.2776,7.252534481,39.73088649,0.106720574,0.591128785,,,,,
2.27772,7.252534481,39.73088649,0.106720574,0.591128785,,,,,
2.27784,7.252534481,39.73088649,0.106720574,0.591128785,,,,,
2.27796,7.252534481,39.73088649,0.106720574,0.591128785,,,,,
2.27808,7.252534481,39.73088649,0.106720574,0.591128785,,,,,
2.2782,7.255565686,39.73092203,0.10667713,0.59088463,,,,,
2.27832,7.255565686,39.73092203,0.10667713,0.59088463,,,,,
2.27844,7.255565686,39.73092203,0.10667713,0.59088463,,,,,
2.27856,7.255565686,39.73092203,0.10667713,0.59088463,,,,,
2.27868,7.255565686,39.73092203,0.10667713,0.59088463,,,,,
2.2788,7.255565686,39.73092203,0.10667713,0.59088463,,,,,
2.27892,7.255565686,39.73092203,0.10667713,0.59088463,,,,,
2.27904,7.255565686,39.73092203,0.10667713,0.59088463,,,,,
2.27916,7.255565686,39.73092203,0.10667713,0.59088463,,,,,
2.27928,7.258490204,39.73138362,0.106189954,0.588176647,,,,,
2.2794,7.258490204,39.73138362,0.106189954,0.588176647,,,,,
2.27952,7.258490204,39.73138362,0.106189954,0.588176647,,,,,
2.27964,7.258490204,39.73138362,0.106189954,0.588176647,,,,,
2.27976,7.258490204,39.73138362,0.106189954,0.588176647,,,,,
2.27988,7.258490204,39.73138362,0.106189954,0.588176647,,,,,
2.28,7.258490204,39.73138362,0.106189954,0.588176647,,,,,
2.28012,7.258490204,39.73138362,0.106189954,0.588176647,,,,,
2.28024,7.25574075,39.73187528,0.105692645,0.585422205,,,,,
2.28036,7.25574075,39.73187528,0.105692645,0.585422205,,,,,
2.28048,7.25574075,39.73187528,0.105692645,0.585422205,,,,,
2.2806,7.25574075,39.73187528,0.105692645,0.585422205,,,,,
2.28072,7.25574075,39.73187528,0.105692645,0.585422205,,,,,
2.28084,7.25574075,39.73187528,0.105692645,0.585422205,,,,,
2.28096,7.25574075,39.73187528,0.105692645,0.585422205,,,,,
2.28108,7.25574075,39.73187528,0.105692645,0.585422205,,,,,
2.2812,7.25574075,39.73187528,0.105692645,0.585422205,,,,,
2.28132,7.256377358,39.73226625,0.105311475,0.583318009,,,,,
2.28144,7.256377358,39.73226625,0.105311475,0.583318009,,,,,
2.28156,7.256377358,39.73226625,0.105311475,0.583318009,,,,,
2.28168,7.256377358,39.73226625,0.105311475,0.583318009,,,,,
2.2818,7.256377358,39.73226625,0.105311475,0.583318009,,,,,
2.28192,7.256377358,39.73226625,0.105311475,0.583318009,,,,,
2.28204,7.256377358,39.73226625,0.105311475,0.583318009,,,,,
2.28216,7.256377358,39.73226625,0.105311475,0.583318009,,,,,
2.28228,7.256377358,39.73226625,0.105311475,0.583318009,,,,,
2.2824,7.255426512,39.73259766,0.105003767,0.581626986,,,,,
2.28252,7.255426512,39.73259766,0.105003767,0.581626986,,,,,
2.28264,7.255426512,39.73259766,0.105003767,0.581626986,,,,,
2.28276,7.255426512,39.73259766,0.105003767,0.581626986,,,,,
2.28288,7.255426512,39.73259766,0.105003767,0.581626986,,,,,
2.283,7.255426512,39.73259766,0.105003767,0.581626986,,,,,
2.28312,7.255426512,39.73259766,0.105003767,0.581626986,,,,,
2.28324,7.255426512,39.73259766,0.105003767,0.581626986,,,,,
2.28336,7.254089574,39.73272426,0.104899004,0.581057671,,,,,
2.28348,7.254089574,39.73272426,0.104899004,0.581057671,,,,,
2.2836,7.254089574,39.73272426,0.104899004,0.581057671,,,,,
2.28372,7.254089574,39.73272426,0.104899004,0.581057671,,,,,
2.28384,7.254089574,39.73272426,0.104899004,0.581057671,,,,,
2.28396,7.254089574,39.73272426,0.104899004,0.581057671,,,,,
2.28408,7.254089574,39.73272426,0.104899004,0.581057671,,,,,
2.2842,7.254089574,39.73272426,0.104899004,0.581057671,,,,,
2.28432,7.254089574,39.73272426,0.104899004,0.581057671,,,,,
2.28444,7.253414588,39.73272503,0.104903786,0.581086697,,,,,
2.28456,7.253414588,39.73272503,0.104903786,0.581086697,,,,,
2.28468,7.253414588,39.73272503,0.104903786,0.581086697,,,,,
2.2848,7.253414588,39.73272503,0.104903786,0.581086697,,,,,
2.28492,7.253414588,39.73272503,0.104903786,0.581086697,,,,,
2.28504,7.253414588,39.73272503,0.104903786,0.581086697,,,,,
2.28516,7.253414588,39.73272503,0.104903786,0.581086697,,,,,
2.28528,7.253414588,39.73272503,0.104903786,0.581086697,,,,,
2.2854,7.253414588,39.73272503,0.104903786,0.581086697,,,,,
2.28552,7.253624452,39.73275397,0.104859933,0.580837072,,,,,
2.28564,7.253624452,39.73275397,0.104859933,0.580837072,,,,,
2.28576,7.253624452,39.73275397,0.104859933,0.580837072,,,,,
2.28588,7.253624452,39.73275397,0.104859933,0.580837072,,,,,
2.286,7.253624452,39.73275397,0.104859933,0.580837072,,,,,
2.28612,7.253624452,39.73275397,0.104859933,0.580837072,,,,,
2.28624,7.253624452,39.73275397,0.104859933,0.580837072,,,,,
2.28636,7.253624452,39.73275397,0.104859933,0.580837072,,,,,
2.28648,7.253873581,39.7328726,0.104723953,0.580076472,,,,,
2.2866,7.253873581,39.7328726,0.104723953,0.580076472,,,,,
2.28672,7.253873581,39.7328726,0.104723953,0.580076472,,,,,
2.28684,7.253873581,39.7328726,0.104723953,0.580076472,,,,,
2.28696,7.253873581,39.7328726,0.104723953,0.580076472,,,,,
2.28708,7.253873581,39.7328726,0.104723953,0.580076472,,,,,
2.2872,7.253873581,39.7328726,0.104723953,0.580076472,,,,,
2.28732,7.253873581,39.7328726,0.104723953,0.580076472,,,,,
2.28744,7.253873581,39.7328726,0.104723953,0.580076472,,,,,
2.28756,7.255517381,39.7331515,0.104428462,0.578433541,,,,,
2.28768,7.255517381,39.7331515,0.104428462,0.578433541,,,,,
2.2878,7.255517381,39.7331515,0.104428462,0.578433541,,,,,
2.28792,7.255517381,39.7331515,0.104428462,0.578433541,,,,,
2.28804,7.255517381,39.7331515,0.104428462,0.578433541,,,,,
2.28816,7.255517381,39.7331515,0.104428462,0.578433541,,,,,
2.28828,7.255517381,39.7331515,0.104428462,0.578433541,,,,,
2.2884,7.255517381,39.7331515,0.104428462,0.578433541,,,,,
2.28852,7.255517381,39.7331515,0.104428462,0.578433541,,,,,
2.28864,7.254516038,39.73353456,0.104039339,0.576277689,,,,,
2.28876,7.254516038,39.73353456,0.104039339,0.576277689,,,,,
2.28888,7.254516038,39.73353456,0.104039339,0.576277689,,,,,
2.289,7.254516038,39.73353456,0.104039339,0.576277689,,,,,
2.28912,7.254516038,39.73353456,0.104039339,0.576277689,,,,,
2.28924,7.254516038,39.73353456,0.104039339,0.576277689,,,,,
2.28936,7.254516038,39.73353456,0.104039339,0.576277689,,,,,
2.28948,7.254516038,39.73353456,0.104039339,0.576277689,,,,,
2.2896,7.253245771,39.73379527,0.103782869,0.574860905,,,,,
2.28972,7.253245771,39.73379527,0.103782869,0.574860905,,,,,
2.28984,7.253245771,39.73379527,0.103782869,0.574860905,,,,,
2.28996,7.253245771,39.73379527,0.103782869,0.574860905,,,,,
2.29008,7.253245771,39.73379527,0.103782869,0.574860905,,,,,
2.2902,7.253245771,39.73379527,0.103782869,0.574860905,,,,,
2.29032,7.253245771,39.73379527,0.103782869,0.574860905,,,,,
2.29044,7.253245771,39.73379527,0.103782869,0.574860905,,,,,
2.29056,7.253245771,39.73379527,0.103782869,0.574860905,,,,,
2.29068,7.253181923,39.73399362,0.103595732,0.573831137,,,,,
2.2908,7.253181923,39.73399362,0.103595732,0.573831137,,,,,
2.29092,7.253181923,39.73399362,0.103595732,0.573831137,,,,,
2.29104,7.253181923,39.73399362,0.103595732,0.573831137,,,,,
2.29116,7.253181923,39.73399362,0.103595732,0.573831137,,,,,
2.29128,7.253181923,39.73399362,0.103595732,0.573831137,,,,,
2.2914,7.253181923,39.73399362,0.103595732,0.573831137,,,,,
2.29152,7.253181923,39.73399362,0.103595732,0.573831137,,,,,
2.29164,7.253181923,39.73399362,0.103595732,0.573831137,,,,,
2.29176,7.252525538,39.73410209,0.103500901,0.573313169,,,,,
2.29188,7.252525538,39.73410209,0.103500901,0.573313169,,,,,
2.292,7.252525538,39.73410209,0.103500901,0.573313169,,,,,
2.29212,7.252525538,39.73410209,0.103500901,0.573313169,,,,,
2.29224,7.252525538,39.73410209,0.103500901,0.573313169,,,,,
2.29236,7.252525538,39.73410209,0.103500901,0.573313169,,,,,
2.29248,7.252525538,39.73410209,0.103500901,0.573313169,,,,,
2.2926,7.252525538,39.73410209,0.103500901,0.573313169,,,,,
2.29272,7.252663761,39.73414156,0.103473207,0.573165633,,,,,
2.29284,7.252663761,39.73414156,0.103473207,0.573165633,,,,,
2.29296,7.252663761,39.73414156,0.103473207,0.573165633,,,,,
2.29308,7.252663761,39.73414156,0.103473207,0.573165633,,,,,
2.2932,7.252663761,39.73414156,0.103473207,0.573165633,,,,,
2.29332,7.252663761,39.73414156,0.103473207,0.573165633,,,,,
2.29344,7.252663761,39.73414156,0.103473207,0.573165633,,,,,
2.29356,7.252663761,39.73414156,0.103473207,0.573165633,,,,,
2.29368,7.252663761,39.73414156,0.103473207,0.573165633,,,,,
2.2938,7.2523646,39.73411353,0.103520866,0.57343858,,,,,
2.29392,7.2523646,39.73411353,0.103520866,0.57343858,,,,,
2.29404,7.2523646,39.73411353,0.103520866,0.57343858,,,,,
2.29416,7.2523646,39.73411353,0.103520866,0.57343858,,,,,
2.29428,7.2523646,39.73411353,0.103520866,0.57343858,,,,,
2.2944,7.2523646,39.73411353,0.103520866,0.57343858,,,,,
2.29452,7.2523646,39.73411353,0.103520866,0.57343858,,,,,
2.29464,7.2523646,39.73411353,0.103520866,0.57343858,,,,,
2.29476,7.2523646,39.73411353,0.103520866,0.57343858,,,,,
2.29488,7.252875919,39.73398961,0.103661874,0.574226632,,,,,
2.295,7.252875919,39.73398961,0.103661874,0.574226632,,,,,
2.29512,7.252875919,39.73398961,0.103661874,0.574226632,,,,,
2.29524,7.252875919,39.73398961,0.103661874,0.574226632,,,,,
2.29536,7.252875919,39.73398961,0.103661874,0.574226632,,,,,
2.29548,7.252875919,39.73398961,0.103661874,0.574226632,,,,,
2.2956,7.252875919,39.73398961,0.103661874,0.574226632,,,,,
2.29572,7.252875919,39.73398961,0.103661874,0.574226632,,,,,
2.29584,7.253127195,39.73388953,0.103767034,0.574810735,,,,,
2.29596,7.253127195,39.73388953,0.103767034,0.574810735,,,,,
2.29608,7.253127195,39.73388953,0.103767034,0.574810735,,,,,
2.2962,7.253127195,39.73388953,0.103767034,0.574810735,,,,,
2.29632,7.253127195,39.73388953,0.103767034,0.574810735,,,,,
2.29644,7.253127195,39.73388953,0.103767034,0.574810735,,,,,
2.29656,7.253127195,39.73388953,0.103767034,0.574810735,,,,,
2.29668,7.253127195,39.73388953,0.103767034,0.574810735,,,,,
2.2968,7.253127195,39.73388953,0.103767034,0.574810735,,,,,
2.29692,7.251995744,39.73371377,0.103944168,0.57579134,,,,,
2.29704,7.251995744,39.73371377,0.103944168,0.57579134,,,,,
2.29716,7.251995744,39.73371377,0.103944168,0.57579134,,,,,
2.29728,7.251995744,39.73371377,0.103944168,0.57579134,,,,,
2.2974,7.251995744,39.73371377,0.103944168,0.57579134,,,,,
2.29752,7.251995744,39.73371377,0.103944168,0.57579134,,,,,
2.29764,7.251995744,39.73371377,0.103944168,0.57579134,,,,,
2.29776,7.251995744,39.73371377,0.103944168,0.57579134,,,,,
2.29788,7.251995744,39.73371377,0.103944168,0.57579134,,,,,
2.298,7.252913974,39.73353868,0.104113218,0.576723848,,,,,
2.29812,7.252913974,39.73353868,0.104113218,0.576723848,,,,,
2.29824,7.252913974,39.73353868,0.104113218,0.576723848,,,,,
2.29836,7.252913974,39.73353868,0.104113218,0.576723848,,,,,
2.29848,7.252913974,39.73353868,0.104113218,0.576723848,,,,,
2.2986,7.252913974,39.73353868,0.104113218,0.576723848,,,,,
2.29872,7.252913974,39.73353868,0.104113218,0.576723848,,,,,
2.29884,7.252913974,39.73353868,0.104113218,0.576723848,,,,,
2.29896,7.254206519,39.73348146,0.104164221,0.577003155,,,,,
2.29908,7.254206519,39.73348146,0.104164221,0.577003155,,,,,
2.2992,7.254206519,39.73348146,0.104164221,0.577003155,,,,,
2.29932,7.254206519,39.73348146,0.104164221,0.577003155,,,,,
2.29944,7.254206519,39.73348146,0.104164221,0.577003155,,,,,
2.29956,7.254206519,39.73348146,0.104164221,0.577003155,,,,,
2.29968,7.254206519,39.73348146,0.104164221,0.577003155,,,,,
2.2998,7.254206519,39.73348146,0.104164221,0.577003155,,,,,
2.29992,7.254206519,39.73348146,0.104164221,0.577003155,,,,,
2.30004,7.255222349,39.73351994,0.104128554,0.576807088,,,,,
2.30016,7.255222349,39.73351994,0.104128554,0.576807088,,,,,
2.30028,7.255222349,39.73351994,0.104128554,0.576807088,,,,,
2.3004,7.255222349,39.73351994,0.104128554,0.576807088,,,,,
2.30052,7.255222349,39.73351994,0.104128554,0.576807088,,,,,
2.30064,7.255222349,39.73351994,0.104128554,0.576807088,,,,,
2.30076,7.255222349,39.73351994,0.104128554,0.576807088,,,,,
2.30088,7.255222349,39.73351994,0.104128554,0.576807088,,,,,
2.301,7.255222349,39.73351994,0.104128554,0.576807088,,,,,
2.30112,7.255606247,39.73356876,0.104092768,0.576615029,,,,,
2.30124,7.255606247,39.73356876,0.104092768,0.576615029,,,,,
2.30136,7.255606247,39.73356876,0.104092768,0.576615029,,,,,
2.30148,7.255606247,39.73356876,0.104092768,0.576615029,,,,,
2.3016,7.255606247,39.73356876,0.104092768,0.576615029,,,,,
2.30172,7.255606247,39.73356876,0.104092768,0.576615029,,,,,
2.30184,7.255606247,39.73356876,0.104092768,0.576615029,,,,,
2.30196,7.255606247,39.73356876,0.104092768,0.576615029,,,,,
2.30208,7.255606247,39.73356876,0.104092768,0.576615029,,,,,
2.3022,7.255333567,39.73354931,0.10413579,0.576863602,,,,,
2.30232,7.255333567,39.73354931,0.10413579,0.576863602,,,,,
2.30244,7.255333567,39.73354931,0.10413579,0.576863602,,,,,
2.30256,7.255333567,39.73354931,0.10413579,0.576863602,,,,,
2.30268,7.255333567,39.73354931,0.10413579,0.576863602,,,,,
2.3028,7.255333567,39.73354931,0.10413579,0.576863602,,,,,
2.30292,7.255333567,39.73354931,0.10413579,0.576863602,,,,,
2.30304,7.255333567,39.73354931,0.10413579,0.576863602,,,,,
2.30316,7.254532869,39.73334932,0.104368091,0.578162906,,,,,
2.30328,7.254532869,39.73334932,0.104368091,0.578162906,,,,,
2.3034,7.254532869,39.73334932,0.104368091,0.578162906,,,,,
2.30352,7.254532869,39.73334932,0.104368091,0.578162906,,,,,
2.30364,7.254532869,39.73334932,0.104368091,0.578162906,,,,,
2.30376,7.254532869,39.73334932,0.104368091,0.578162906,,,,,
2.30388,7.254532869,39.73334932,0.104368091,0.578162906,,,,,
2.304,7.254532869,39.73334932,0.104368091,0.578162906,,,,,
2.30412,7.254532869,39.73334932,0.104368091,0.578162906,,,,,
2.30424,7.255161893,39.73303368,0.104704946,0.580035602,,,,,
2.30436,7.255161893,39.73303368,0.104704946,0.580035602,,,,,
2.30448,7.255161893,39.73303368,0.104704946,0.580035602,,,,,
2.3046,7.255161893,39.73303368,0.104704946,0.580035602,,,,,
2.30472,7.255161893,39.73303368,0.104704946,0.580035602,,,,,
2.30484,7.255161893,39.73303368,0.104704946,0.580035602,,,,,
2.30496,7.255161893,39.73303368,0.104704946,0.580035602,,,,,
2.30508,7.255161893,39.73303368,0.104704946,0.580035602,,,,,
2.3052,7.255161893,39.73303368,0.104704946,0.580035602,,,,,
2.30532,7.255435777,39.73271085,0.105033665,0.581856776,,,,,
2.30544,7.255435777,39.73271085,0.105033665,0.581856776,,,,,
2.30556,7.255435777,39.73271085,0.105033665,0.581856776,,,,,
2.30568,7.255435777,39.73271085,0.105033665,0.581856776,,,,,
2.3058,7.255435777,39.73271085,0.105033665,0.581856776,,,,,
2.30592,7.255435777,39.73271085,0.105033665,0.581856776,,,,,
2.30604,7.255435777,39.73271085,0.105033665,0.581856776,,,,,
2.30616,7.255435777,39.73271085,0.105033665,0.581856776,,,,,
2.30628,7.25647944,39.73242453,0.105312939,0.583398995,,,,,
2.3064,7.25647944,39.73242453,0.105312939,0.583398995,,,,,
2.30652,7.25647944,39.73242453,0.105312939,0.583398995,,,,,
2.30664,7.25647944,39.73242453,0.105312939,0.583398995,,,,,
2.30676,7.25647944,39.73242453,0.105312939,0.583398995,,,,,
2.30688,7.25647944,39.73242453,0.105312939,0.583398995,,,,,
2.307,7.25647944,39.73242453,0.105312939,0.583398995,,,,,
2.30712,7.25647944,39.73242453,0.105312939,0.583398995,,,,,
2.30724,7.25647944,39.73242453,0.105312939,0.583398995,,,,,
2.30736,7.258203107,39.73229115,0.105436094,0.584076143,,,,,
2.30748,7.258203107,39.73229115,0.105436094,0.584076143,,,,,
2.3076,7.258203107,39.73229115,0.105436094,0.584076143,,,,,
2.30772,7.258203107,39.73229115,0.105436094,0.584076143,,,,,
2.30784,7.258203107,39.73229115,0.105436094,0.584076143,,,,,
2.30796,7.258203107,39.73229115,0.105436094,0.584076143,,,,,
2.30808,7.258203107,39.73229115,0.105436094,0.584076143,,,,,
2.3082,7.258203107,39.73229115,0.105436094,0.584076143,,,,,
2.30832,7.258203107,39.73229115,0.105436094,0.584076143,,,,,
2.30844,7.25915105,39.73227963,0.105444187,0.584119535,,,,,
2.30856,7.25915105,39.73227963,0.105444187,0.584119535,,,,,
2.30868,7.25915105,39.73227963,0.105444187,0.584119535,,,,,
2.3088,7.25915105,39.73227963,0.105444187,0.584119535,,,,,
2.30892,7.25915105,39.73227963,0.105444187,0.584119535,,,,,
2.30904,7.25915105,39.73227963,0.105444187,0.584119535,,,,,
2.30916,7.25915105,39.73227963,0.105444187,0.584119535,,,,,
2.30928,7.25915105,39.73227963,0.105444187,0.584119535,,,,,
2.3094,7.259810606,39.73231612,0.105414801,0.583959983,,,,,
2.30952,7.259810606,39.73231612,0.105414801,0.583959983,,,,,
2.30964,7.259810606,39.73231612,0.105414801,0.583959983,,,,,
2.30976,7.259810606,39.73231612,0.105414801,0.583959983,,,,,
2.30988,7.259810606,39.73231612,0.105414801,0.583959983,,,,,
2.31,7.259810606,39.73231612,0.105414801,0.583959983,,,,,
2.31012,7.259810606,39.73231612,0.105414801,0.583959983,,,,,
2.31024,7.259810606,39.73231612,0.105414801,0.583959983,,,,,
2.31036,7.259810606,39.73231612,0.105414801,0.583959983,,,,,
2.31048,7.259710415,39.73231266,0.10543996,0.584108222,,,,,
2.3106,7.259710415,39.73231266,0.10543996,0.584108222,,,,,
2.31072,7.259710415,39.73231266,0.10543996,0.584108222,,,,,
2.31084,7.259710415,39.73231266,0.10543996,0.584108222,,,,,
2.31096,7.259710415,39.73231266,0.10543996,0.584108222,,,,,
2.31108,7.259710415,39.73231266,0.10543996,0.584108222,,,,,
2.3112,7.259710415,39.73231266,0.10543996,0.584108222,,,,,
2.31132,7.259710415,39.73231266,0.10543996,0.584108222,,,,,
2.31144,7.259710415,39.73231266,0.10543996,0.584108222,,,,,
2.31156,7.260355189,39.73222275,0.105550287,0.584726924,,,,,
2.31168,7.260355189,39.73222275,0.105550287,0.584726924,,,,,
2.3118,7.260355189,39.73222275,0.105550287,0.584726924,,,,,
2.31192,7.260355189,39.73222275,0.105550287,0.584726924,,,,,
2.31204,7.260355189,39.73222275,0.105550287,0.584726924,,,,,
2.31216,7.260355189,39.73222275,0.105550287,0.584726924,,,,,
2.31228,7.260355189,39.73222275,0.105550287,0.584726924,,,,,
2.3124,7.260355189,39.73222275,0.105550287,0.584726924,,,,,
2.31252,7.261172786,39.73217457,0.105605682,0.585036241,,,,,
2.31264,7.261172786,39.73217457,0.105605682,0.585036241,,,,,
2.31276,7.261172786,39.73217457,0.105605682,0.585036241,,,,,
2.31288,7.261172786,39.73217457,0.105605682,0.585036241,,,,,
2.313,7.261172786,39.73217457,0.105605682,0.585036241,,,,,
2.31312,7.261172786,39.73217457,0.105605682,0.585036241,,,,,
2.31324,7.261172786,39.73217457,0.105605682,0.585036241,,,,,
2.31336,7.261172786,39.73217457,0.105605682,0.585036241,,,,,
2.31348,7.261172786,39.73217457,0.105605682,0.585036241,,,,,
2.3136,7.2605531,39.7320947,0.105690345,0.585506489,,,,,
2.31372,7.2605531,39.7320947,0.105690345,0.585506489,,,,,
2.31384,7.2605531,39.7320947,0.105690345,0.585506489,,,,,
2.31396,7.2605531,39.7320947,0.105690345,0.585506489,,,,,
2.31408,7.2605531,39.7320947,0.105690345,0.585506489,,,,,
2.3142,7.2605531,39.7320947,0.105690345,0.585506489,,,,,
2.31432,7.2605531,39.7320947,0.105690345,0.585506489,,,,,
2.31444,7.2605531,39.7320947,0.105690345,0.585506489,,,,,
2.31456,7.2605531,39.7320947,0.105690345,0.585506489,,,,,
2.31468,7.261371203,39.73200901,0.105776632,0.585984027,,,,,
2.3148,7.261371203,39.73200901,0.105776632,0.585984027,,,,,
2.31492,7.261371203,39.73200901,0.105776632,0.585984027,,,,,
2.31504,7.261371203,39.73200901,0.105776632,0.585984027,,,,,
2.31516,7.261371203,39.73200901,0.105776632,0.585984027,,,,,
2.31528,7.261371203,39.73200901,0.105776632,0.585984027,,,,,
2.3154,7.261371203,39.73200901,0.105776632,0.585984027,,,,,
2.31552,7.261371203,39.73200901,0.105776632,0.585984027,,,,,
2.31564,7.262073224,39.7319905,0.105795741,0.586089925,,,,,
2.31576,7.262073224,39.7319905,0.105795741,0.586089925,,,,,
2.31588,7.262073224,39.7319905,0.105795741,0.586089925,,,,,
2.316,7.262073224,39.7319905,0.105795741,0.586089925,,,,,
2.31612,7.262073224,39.7319905,0.105795741,0.586089925,,,,,
2.31624,7.262073224,39.7319905,0.105795741,0.586089925,,,,,
2.31636,7.262073224,39.7319905,0.105795741,0.586089925,,,,,
2.31648,7.262073224,39.7319905,0.105795741,0.586089925,,,,,
2.3166,7.262073224,39.7319905,0.105795741,0.586089925,,,,,
2.31672,7.262157416,39.73199485,0.105792707,0.586073625,,,,,
2.31684,7.262157416,39.73199485,0.105792707,0.586073625,,,,,
2.31696,7.262157416,39.73199485,0.105792707,0.586073625,,,,,
2.31708,7.262157416,39.73199485,0.105792707,0.586073625,,,,,
2.3172,7.262157416,39.73199485,0.105792707,0.586073625,,,,,
2.31732,7.262157416,39.73199485,0.105792707,0.586073625,,,,,
2.31744,7.262157416,39.73199485,0.105792707,0.586073625,,,,,
2.31756,7.262157416,39.73199485,0.105792707,0.586073625,,,,,
2.31768,7.262157416,39.73199485,0.105792707,0.586073625,,,,,
2.3178,7.26225289,39.7320057,0.10577875,0.585995144,,,,,
2.31792,7.26225289,39.7320057,0.10577875,0.585995144,,,,,
2.31804,7.26225289,39.7320057,0.10577875,0.585995144,,,,,
2.31816,7.26225289,39.7320057,0.10577875,0.585995144,,,,,
2.31828,7.26225289,39.7320057,0.10577875,0.585995144,,,,,
2.3184,7.26225289,39.7320057,0.10577875,0.585995144,,,,,
2.31852,7.26225289,39.7320057,0.10577875,0.585995144,,,,,
2.31864,7.26225289,39.7320057,0.10577875,0.585995144,,,,,
2.31876,7.262433133,39.73205439,0.10572398,0.585689692,,,,,
2.31888,7.262433133,39.73205439,0.10572398,0.585689692,,,,,
2.319,7.262433133,39.73205439,0.10572398,0.585689692,,,,,
2.31912,7.262433133,39.73205439,0.10572398,0.585689692,,,,,
2.31924,7.262433133,39.73205439,0.10572398,0.585689692,,,,,
2.31936,7.262433133,39.73205439,0.10572398,0.585689692,,,,,
2.31948,7.262433133,39.73205439,0.10572398,0.585689692,,,,,
2.3196,7.262433133,39.73205439,0.10572398,0.585689692,,,,,
2.31972,7.262433133,39.73205439,0.10572398,0.585689692,,,,,
2.31984,7.262705424,39.73213532,0.105637388,0.585208369,,,,,
2.31996,7.262705424,39.73213532,0.105637388,0.585208369,,,,,
2.32008,7.262705424,39.73213532,0.105637388,0.585208369,,,,,
2.3202,7.262705424,39.73213532,0.105637388,0.585208369,,,,,
2.32032,7.262705424,39.73213532,0.105637388,0.585208369,,,,,
2.32044,7.262705424,39.73213532,0.105637388,0.585208369,,,,,
2.32056,7.262705424,39.73213532,0.105637388,0.585208369,,,,,
2.32068,7.262705424,39.73213532,0.105637388,0.585208369,,,,,
2.3208,7.262705424,39.73213532,0.105637388,0.585208369,,,,,
2.32092,7.263550764,39.73229672,0.105469201,0.584275171,,,,,
2.32104,7.263550764,39.73229672,0.105469201,0.584275171,,,,,
2.32116,7.263550764,39.73229672,0.105469201,0.584275171,,,,,
2.32128,7.263550764,39.73229672,0.105469201,0.584275171,,,,,
2.3214,7.263550764,39.73229672,0.105469201,0.584275171,,,,,
2.32152,7.263550764,39.73229672,0.105469201,0.584275171,,,,,
2.32164,7.263550764,39.73229672,0.105469201,0.584275171,,,,,
2.32176,7.263550764,39.73229672,0.105469201,0.584275171,,,,,
2.32188,7.263173072,39.73249742,0.1052687,0.583166035,,,,,
2.322,7.263173072,39.73249742,0.1052687,0.583166035,,,,,
2.32212,7.263173072,39.73249742,0.1052687,0.583166035,,,,,
2.32224,7.263173072,39.73249742,0.1052687,0.583166035,,,,,
2.32236,7.263173072,39.73249742,0.1052687,0.583166035,,,,,
2.32248,7.263173072,39.73249742,0.1052687,0.583166035,,,,,
2.3226,7.263173072,39.73249742,0.1052687,0.583166035,,,,,
2.32272,7.263173072,39.73249742,0.1052687,0.583166035,,,,,
2.32284,7.263173072,39.73249742,0.1052687,0.583166035,,,,,
2.32296,7.262761832,39.73264321,0.105129494,0.582398625,,,,,
2.32308,7.262761832,39.73264321,0.105129494,0.582398625,,,,,
2.3232,7.262761832,39.73264321,0.105129494,0.582398625,,,,,
2.32332,7.262761832,39.73264321,0.105129494,0.582398625,,,,,
2.32344,7.262761832,39.73264321,0.105129494,0.582398625,,,,,
2.32356,7.262761832,39.73264321,0.105129494,0.582398625,,,,,
2.32368,7.262761832,39.73264321,0.105129494,0.582398625,,,,,
2.3238,7.262761832,39.73264321,0.105129494,0.582398625,,,,,
2.32392,7.262761832,39.73264321,0.105129494,0.582398625,,,,,
2.32404,7.262500449,39.73274302,0.105039451,0.581904475,,,,,
2.32416,7.262500449,39.73274302,0.105039451,0.581904475,,,,,
2.32428,7.262500449,39.73274302,0.105039451,0.581904475,,,,,
2.3244,7.262500449,39.73274302,0.105039451,0.581904475,,,,,
2.32452,7.262500449,39.73274302,0.105039451,0.581904475,,,,,
2.32464,7.262500449,39.73274302,0.105039451,0.581904475,,,,,
2.32476,7.262500449,39.73274302,0.105039451,0.581904475,,,,,
2.32488,7.262500449,39.73274302,0.105039451,0.581904475,,,,,
2.325,7.261940409,39.73277668,0.105013281,0.581762736,,,,,
2.32512,7.261940409,39.73277668,0.105013281,0.581762736,,,,,
2.32524,7.261940409,39.73277668,0.105013281,0.581762736,,,,,
2.32536,7.261940409,39.73277668,0.105013281,0.581762736,,,,,
2.32548,7.261940409,39.73277668,0.105013281,0.581762736,,,,,
2.3256,7.261940409,39.73277668,0.105013281,0.581762736,,,,,
2.32572,7.261940409,39.73277668,0.105013281,0.581762736,,,,,
2.32584,7.261940409,39.73277668,0.105013281,0.581762736,,,,,
2.32596,7.261940409,39.73277668,0.105013281,0.581762736,,,,,
2.32608,7.261922923,39.7327771,0.105013108,0.58176191,,,,,
2.3262,7.261922923,39.7327771,0.105013108,0.58176191,,,,,
2.32632,7.261922923,39.7327771,0.105013108,0.58176191,,,,,
2.32644,7.261922923,39.7327771,0.105013108,0.58176191,,,,,
2.32656,7.261922923,39.7327771,0.105013108,0.58176191,,,,,
2.32668,7.261922923,39.7327771,0.105013108,0.58176191,,,,,
2.3268,7.261922923,39.7327771,0.105013108,0.58176191,,,,,
2.32692,7.261922923,39.7327771,0.105013108,0.58176191,,,,,
2.32704,7.261922923,39.7327771,0.105013108,0.58176191,,,,,
2.32716,7.262009639,39.73279127,0.104997834,0.581676969,,,,,
2.32728,7.262009639,39.73279127,0.104997834,0.581676969,,,,,
2.3274,7.262009639,39.73279127,0.104997834,0.581676969,,,,,
2.32752,7.262009639,39.73279127,0.104997834,0.581676969,,,,,
2.32764,7.262009639,39.73279127,0.104997834,0.581676969,,,,,
2.32776,7.262009639,39.73279127,0.104997834,0.581676969,,,,,
2.32788,7.262009639,39.73279127,0.104997834,0.581676969,,,,,
2.328,7.262009639,39.73279127,0.104997834,0.581676969,,,,,
2.32812,7.262009639,39.73279127,0.104997834,0.581676969,,,,,
2.32824,7.262849794,39.73283959,0.104943879,0.581376186,,,,,
2.32836,7.262849794,39.73283959,0.104943879,0.581376186,,,,,
2.32848,7.262849794,39.73283959,0.104943879,0.581376186,,,,,
2.3286,7.262849794,39.73283959,0.104943879,0.581376186,,,,,
2.32872,7.262849794,39.73283959,0.104943879,0.581376186,,,,,
2.32884,7.262849794,39.73283959,0.104943879,0.581376186,,,,,
2.32896,7.262849794,39.73283959,0.104943879,0.581376186,,,,,
2.32908,7.262849794,39.73283959,0.104943879,0.581376186,,,,,
2.3292,7.263694574,39.73302535,0.104746083,0.580276986,,,,,
2.32932,7.263694574,39.73302535,0.104746083,0.580276986,,,,,
2.32944,7.263694574,39.73302535,0.104746083,0.580276986,,,,,
2.32956,7.263694574,39.73302535,0.104746083,0.580276986,,,,,
2.32968,7.263694574,39.73302535,0.104746083,0.580276986,,,,,
2.3298,7.263694574,39.73302535,0.104746083,0.580276986,,,,,
2.32992,7.263694574,39.73302535,0.104746083,0.580276986,,,,,
2.33004,7.263694574,39.73302535,0.104746083,0.580276986,,,,,
2.33016,7.263694574,39.73302535,0.104746083,0.580276986,,,,,
2.33028,7.262481167,39.73321254,0.104556154,0.579225051,,,,,
2.3304,7.262481167,39.73321254,0.104556154,0.579225051,,,,,
2.33052,7.262481167,39.73321254,0.104556154,0.579225051,,,,,
2.33064,7.262481167,39.73321254,0.104556154,0.579225051,,,,,
2.33076,7.262481167,39.73321254,0.104556154,0.579225051,,,,,
2.33088,7.262481167,39.73321254,0.104556154,0.579225051,,,,,
2.331,7.262481167,39.73321254,0.104556154,0.579225051,,,,,
2.33112,7.262481167,39.73321254,0.104556154,0.579225051,,,,,
2.33124,7.262481167,39.73321254,0.104556154,0.579225051,,,,,
2.33136,7.262352888,39.73333848,0.104433832,0.578549737,,,,,
2.33148,7.262352888,39.73333848,0.104433832,0.578549737,,,,,
2.3316,7.262352888,39.73333848,0.104433832,0.578549737,,,,,
2.33172,7.262352888,39.73333848,0.104433832,0.578549737,,,,,
2.33184,7.262352888,39.73333848,0.104433832,0.578549737,,,,,
2.33196,7.262352888,39.73333848,0.104433832,0.578549737,,,,,
2.33208,7.262352888,39.73333848,0.104433832,0.578549737,,,,,
2.3322,7.262352888,39.73333848,0.104433832,0.578549737,,,,,
2.33232,7.262202973,39.73344213,0.104338764,0.578027222,,,,,
2.33244,7.262202973,39.73344213,0.104338764,0.578027222,,,,,
2.33256,7.262202973,39.73344213,0.104338764,0.578027222,,,,,
2.33268,7.262202973,39.73344213,0.104338764,0.578027222,,,,,
2.3328,7.262202973,39.73344213,0.104338764,0.578027222,,,,,
2.33292,7.262202973,39.73344213,0.104338764,0.578027222,,,,,
2.33304,7.262202973,39.73344213,0.104338764,0.578027222,,,,,
2.33316,7.262202973,39.73344213,0.104338764,0.578027222,,,,,
2.33328,7.262202973,39.73344213,0.104338764,0.578027222,,,,,
2.3334,7.261812396,39.73348824,0.104302722,0.577831848,,,,,
2.33352,7.261812396,39.73348824,0.104302722,0.577831848,,,,,
2.33364,7.261812396,39.73348824,0.104302722,0.577831848,,,,,
2.33376,7.261812396,39.73348824,0.104302722,0.577831848,,,,,
2.33388,7.261812396,39.73348824,0.104302722,0.577831848,,,,,
2.334,7.261812396,39.73348824,0.104302722,0.577831848,,,,,
2.33412,7.261812396,39.73348824,0.104302722,0.577831848,,,,,
2.33424,7.261812396,39.73348824,0.104302722,0.577831848,,,,,
2.33436,7.261812396,39.73348824,0.104302722,0.577831848,,,,,
2.33448,7.261598885,39.7334811,0.10431549,0.57790472,,,,,
2.3346,7.261598885,39.7334811,0.10431549,0.57790472,,,,,
2.33472,7.261598885,39.7334811,0.10431549,0.57790472,,,,,
2.33484,7.261598885,39.7334811,0.10431549,0.57790472,,,,,
2.33496,7.261598885,39.7334811,0.10431549,0.57790472,,,,,
2.33508,7.261598885,39.7334811,0.10431549,0.57790472,,,,,
2.3352,7.261598885,39.7334811,0.10431549,0.57790472,,,,,
2.33532,7.261598885,39.7334811,0.10431549,0.57790472,,,,,
2.33544,7.261654523,39.73346628,0.104331016,0.577990908,,,,,
2.33556,7.261654523,39.73346628,0.104331016,0.577990908,,,,,
2.33568,7.261654523,39.73346628,0.104331016,0.577990908,,,,,
2.3358,7.261654523,39.73346628,0.104331016,0.577990908,,,,,
2.33592,7.261654523,39.73346628,0.104331016,0.577990908,,,,,
2.33604,7.261654523,39.73346628,0.104331016,0.577990908,,,,,
2.33616,7.261654523,39.73346628,0.104331016,0.577990908,,,,,
2.33628,7.261654523,39.73346628,0.104331016,0.577990908,,,,,
2.3364,7.261654523,39.73346628,0.104331016,0.577990908,,,,,
2.33652,7.261457906,39.73343721,0.104361594,0.578160718,,,,,
2.33664,7.261457906,39.73343721,0.104361594,0.578160718,,,,,
2.33676,7.261457906,39.73343721,0.104361594,0.578160718,,,,,
2.33688,7.261457906,39.73343721,0.104361594,0.578160718,,,,,
2.337,7.261457906,39.73343721,0.104361594,0.578160718,,,,,
2.33712,7.261457906,39.73343721,0.104361594,0.578160718,,,,,
2.33724,7.261457906,39.73343721,0.104361594,0.578160718,,,,,
2.33736,7.261457906,39.73343721,0.104361594,0.578160718,,,,,
2.33748,7.261457906,39.73343721,0.104361594,0.578160718,,,,,
2.3376,7.261899829,39.73341839,0.104378407,0.578252983,,,,,
2.33772,7.261899829,39.73341839,0.104378407,0.578252983,,,,,
2.33784,7.261899829,39.73341839,0.104378407,0.578252983,,,,,
2.33796,7.261899829,39.73341839,0.104378407,0.578252983,,,,,
2.33808,7.261899829,39.73341839,0.104378407,0.578252983,,,,,
2.3382,7.261899829,39.73341839,0.104378407,0.578252983,,,,,
2.33832,7.261899829,39.73341839,0.104378407,0.578252983,,,,,
2.33844,7.261899829,39.73341839,0.104378407,0.578252983,,,,,
2.33856,7.261748809,39.73343011,0.104363915,0.578171775,,,,,
2.33868,7.261748809,39.73343011,0.104363915,0.578171775,,,,,
2.3388,7.261748809,39.73343011,0.104363915,0.578171775,,,,,
2.33892,7.261748809,39.73343011,0.104363915,0.578171775,,,,,
2.33904,7.261748809,39.73343011,0.104363915,0.578171775,,,,,
2.33916,7.261748809,39.73343011,0.104363915,0.578171775,,,,,
2.33928,7.261748809,39.73343011,0.104363915,0.578171775,,,,,
2.3394,7.261748809,39.73343011,0.104363915,0.578171775,,,,,
2.33952,7.261748809,39.73343011,0.104363915,0.578171775,,,,,
2.33964,7.261588243,39.73342507,0.10436715,0.578189019,,,,,
2.33976,7.261588243,39.73342507,0.10436715,0.578189019,,,,,
2.33988,7.261588243,39.73342507,0.10436715,0.578189019,,,,,
2.34,7.261588243,39.73342507,0.10436715,0.578189019,,,,,
2.34012,7.261588243,39.73342507,0.10436715,0.578189019,,,,,
2.34024,7.261588243,39.73342507,0.10436715,0.578189019,,,,,
2.34036,7.261588243,39.73342507,0.10436715,0.578189019,,,,,
2.34048,7.261588243,39.73342507,0.10436715,0.578189019,,,,,
2.3406,7.261588243,39.73342507,0.10436715,0.578189019,,,,,
2.34072,7.261958052,39.73343727,0.104355219,0.578123185,,,,,
2.34084,7.261958052,39.73343727,0.104355219,0.578123185,,,,,
2.34096,7.261958052,39.73343727,0.104355219,0.578123185,,,,,
2.34108,7.261958052,39.73343727,0.104355219,0.578123185,,,,,
2.3412,7.261958052,39.73343727,0.104355219,0.578123185,,,,,
2.34132,7.261958052,39.73343727,0.104355219,0.578123185,,,,,
2.34144,7.261958052,39.73343727,0.104355219,0.578123185,,,,,
2.34156,7.261958052,39.73343727,0.104355219,0.578123185,,,,,
2.34168,7.262006749,39.73345479,0.104342193,0.578052975,,,,,
2.3418,7.262006749,39.73345479,0.104342193,0.578052975,,,,,
2.34192,7.262006749,39.73345479,0.104342193,0.578052975,,,,,
2.34204,7.262006749,39.73345479,0.104342193,0.578052975,,,,,
2.34216,7.262006749,39.73345479,0.104342193,0.578052975,,,,,
2.34228,7.262006749,39.73345479,0.104342193,0.578052975,,,,,
2.3424,7.262006749,39.73345479,0.104342193,0.578052975,,,,,
2.34252,7.262006749,39.73345479,0.104342193,0.578052975,,,,,
2.34264,7.262006749,39.73345479,0.104342193,0.578052975,,,,,
2.34276,7.262121532,39.7334518,0.104353348,0.578117962,,,,,
2.34288,7.262121532,39.7334518,0.104353348,0.578117962,,,,,
2.343,7.262121532,39.7334518,0.104353348,0.578117962,,,,,
2.34312,7.262121532,39.7334518,0.104353348,0.578117962,,,,,
2.34324,7.262121532,39.7334518,0.104353348,0.578117962,,,,,
2.34336,7.262121532,39.7334518,0.104353348,0.578117962,,,,,
2.34348,7.262121532,39.7334518,0.104353348,0.578117962,,,,,
2.3436,7.262121532,39.7334518,0.104353348,0.578117962,,,,,
2.34372,7.262121532,39.7334518,0.104353348,0.578117962,,,,,
2.34384,7.262086251,39.73341056,0.104408998,0.578431523,,,,,
2.34396,7.262086251,39.73341056,0.104408998,0.578431523,,,,,
2.34408,7.262086251,39.73341056,0.104408998,0.578431523,,,,,
2.3442,7.262086251,39.73341056,0.104408998,0.578431523,,,,,
2.34432,7.262086251,39.73341056,0.104408998,0.578431523,,,,,
2.34444,7.262086251,39.73341056,0.104408998,0.578431523,,,,,
2.34456,7.262086251,39.73341056,0.104408998,0.578431523,,,,,
2.34468,7.262086251,39.73341056,0.104408998,0.578431523,,,,,
2.3448,7.262260492,39.73331133,0.104521733,0.579060469,,,,,
2.34492,7.262260492,39.73331133,0.104521733,0.579060469,,,,,
2.34504,7.262260492,39.73331133,0.104521733,0.579060469,,,,,
2.34516,7.262260492,39.73331133,0.104521733,0.579060469,,,,,
2.34528,7.262260492,39.73331133,0.104521733,0.579060469,,,,,
2.3454,7.262260492,39.73331133,0.104521733,0.579060469,,,,,
2.34552,7.262260492,39.73331133,0.104521733,0.579060469,,,,,
2.34564,7.262260492,39.73331133,0.104521733,0.579060469,,,,,
2.34576,7.262260492,39.73331133,0.104521733,0.579060469,,,,,
2.34588,7.262502914,39.73320983,0.104627746,0.579648674,,,,,
2.346,7.262502914,39.73320983,0.104627746,0.579648674,,,,,
2.34612,7.262502914,39.73320983,0.104627746,0.579648674,,,,,
2.34624,7.262502914,39.73320983,0.104627746,0.579648674,,,,,
2.34636,7.262502914,39.73320983,0.104627746,0.579648674,,,,,
2.34648,7.262502914,39.73320983,0.104627746,0.579648674,,,,,
2.3466,7.262502914,39.73320983,0.104627746,0.579648674,,,,,
2.34672,7.262502914,39.73320983,0.104627746,0.579648674,,,,,
2.34684,7.262502914,39.73320983,0.104627746,0.579648674,,,,,
2.34696,7.262174979,39.73308888,0.104748852,0.580318679,,,,,
2.34708,7.262174979,39.73308888,0.104748852,0.580318679,,,,,
2.3472,7.262174979,39.73308888,0.104748852,0.580318679,,,,,
2.34732,7.262174979,39.73308888,0.104748852,0.580318679,,,,,
2.34744,7.262174979,39.73308888,0.104748852,0.580318679,,,,,
2.34756,7.262174979,39.73308888,0.104748852,0.580318679,,,,,
2.34768,7.262174979,39.73308888,0.104748852,0.580318679,,,,,
2.3478,7.262174979,39.73308888,0.104748852,0.580318679,,,,,
2.34792,7.262544917,39.73297245,0.104861229,0.580938767,,,,,
2.34804,7.262544917,39.73297245,0.104861229,0.580938767,,,,,
2.34816,7.262544917,39.73297245,0.104861229,0.580938767,,,,,
2.34828,7.262544917,39.73297245,0.104861229,0.580938767,,,,,
2.3484,7.262544917,39.73297245,0.104861229,0.580938767,,,,,
2.34852,7.262544917,39.73297245,0.104861229,0.580938767,,,,,
2.34864,7.262544917,39.73297245,0.104861229,0.580938767,,,,,
2.34876,7.262544917,39.73297245,0.104861229,0.580938767,,,,,
2.34888,7.262544917,39.73297245,0.104861229,0.580938767,,,,,
2.349,7.263160247,39.73291218,0.104916597,0.581243135,,,,,
2.34912,7.263160247,39.73291218,0.104916597,0.581243135,,,,,
2.34924,7.263160247,39.73291218,0.104916597,0.581243135,,,,,
2.34936,7.263160247,39.73291218,0.104916597,0.581243135,,,,,
2.34948,7.263160247,39.73291218,0.104916597,0.581243135,,,,,
2.3496,7.263160247,39.73291218,0.104916597,0.581243135,,,,,
2.34972,7.263160247,39.73291218,0.104916597,0.581243135,,,,,
2.34984,7.263160247,39.73291218,0.104916597,0.581243135,,,,,
2.34996,7.263160247,39.73291218,0.104916597,0.581243135,,,,,
2.35008,7.263528039,39.73290057,0.104926871,0.581299412,,,,,
2.3502,7.263528039,39.73290057,0.104926871,0.581299412,,,,,
2.35032,7.263528039,39.73290057,0.104926871,0.581299412,,,,,
2.35044,7.263528039,39.73290057,0.104926871,0.581299412,,,,,
2.35056,7.263528039,39.73290057,0.104926871,0.581299412,,,,,
2.35068,7.263528039,39.73290057,0.104926871,0.581299412,,,,,
2.3508,7.263528039,39.73290057,0.104926871,0.581299412,,,,,
2.35092,7.263528039,39.73290057,0.104926871,0.581299412,,,,,
2.35104,7.263528039,39.73290057,0.104926871,0.581299412,,,,,
2.35116,7.263695,39.73290199,0.104927318,0.581302602,,,,,
2.35128,7.263695,39.73290199,0.104927318,0.581302602,,,,,
2.3514,7.263695,39.73290199,0.104927318,0.581302602,,,,,
2.35152,7.263695,39.73290199,0.104927318,0.581302602,,,,,
2.35164,7.263695,39.73290199,0.104927318,0.581302602,,,,,
2.35176,7.263695,39.73290199,0.104927318,0.581302602,,,,,
2.35188,7.263695,39.73290199,0.104927318,0.581302602,,,,,
2.352,7.263695,39.73290199,0.104927318,0.581302602,,,,,
2.35212,7.263767509,39.7329,0.104935718,0.581351563,,,,,
2.35224,7.263767509,39.7329,0.104935718,0.581351563,,,,,
2.35236,7.263767509,39.7329,0.104935718,0.581351563,,,,,
2.35248,7.263767509,39.7329,0.104935718,0.581351563,,,,,
2.3526,7.263767509,39.7329,0.104935718,0.581351563,,,,,
2.35272,7.263767509,39.7329,0.104935718,0.581351563,,,,,
2.35284,7.263767509,39.7329,0.104935718,0.581351563,,,,,
2.35296,7.263767509,39.7329,0.104935718,0.581351563,,,,,
2.35308,7.263767509,39.7329,0.104935718,0.581351563,,,,,
2.3532,7.263575244,39.73285299,0.104993686,0.581676493,,,,,
2.35332,7.263575244,39.73285299,0.104993686,0.581676493,,,,,
2.35344,7.263575244,39.73285299,0.104993686,0.581676493,,,,,
2.35356,7.263575244,39.73285299,0.104993686,0.581676493,,,,,
2.35368,7.263575244,39.73285299,0.104993686,0.581676493,,,,,
2.3538,7.263575244,39.73285299,0.104993686,0.581676493,,,,,
2.35392,7.263575244,39.73285299,0.104993686,0.581676493,,,,,
2.35404,7.263575244,39.73285299,0.104993686,0.581676493,,,,,
2.35416,7.263575244,39.73285299,0.104993686,0.581676493,,,,,
2.35428,7.26378075,39.73277355,0.105080213,0.58215794,,,,,
2.3544,7.26378075,39.73277355,0.105080213,0.58215794,,,,,
2.35452,7.26378075,39.73277355,0.105080213,0.58215794,,,,,
2.35464,7.26378075,39.73277355,0.105080213,0.58215794,,,,,
2.35476,7.26378075,39.73277355,0.105080213,0.58215794,,,,,
2.35488,7.26378075,39.73277355,0.105080213,0.58215794,,,,,
2.355,7.26378075,39.73277355,0.105080213,0.58215794,,,,,
2.35512,7.26378075,39.73277355,0.105080213,0.58215794,,,,,
2.35524,7.263726,39.73268685,0.105169772,0.582654544,,,,,
2.35536,7.263726,39.73268685,0.105169772,0.582654544,,,,,
2.35548,7.263726,39.73268685,0.105169772,0.582654544,,,,,
2.3556,7.263726,39.73268685,0.105169772,0.582654544,,,,,
2.35572,7.263726,39.73268685,0.105169772,0.582654544,,,,,
2.35584,7.263726,39.73268685,0.105169772,0.582654544,,,,,
2.35596,7.263726,39.73268685,0.105169772,0.582654544,,,,,
2.35608,7.263726,39.73268685,0.105169772,0.582654544,,,,,
2.3562,7.263726,39.73268685,0.105169772,0.582654544,,,,,
2.35632,7.263752361,39.73258852,0.105267104,0.583192682,,,,,
2.35644,7.263752361,39.73258852,0.105267104,0.583192682,,,,,
2.35656,7.263752361,39.73258852,0.105267104,0.583192682,,,,,
2.35668,7.263752361,39.73258852,0.105267104,0.583192682,,,,,
2.3568,7.263752361,39.73258852,0.105267104,0.583192682,,,,,
2.35692,7.263752361,39.73258852,0.105267104,0.583192682,,,,,
2.35704,7.263752361,39.73258852,0.105267104,0.583192682,,,,,
2.35716,7.263752361,39.73258852,0.105267104,0.583192682,,,,,
2.35728,7.263752361,39.73258852,0.105267104,0.583192682,,,,,
2.3574,7.264156242,39.73251799,0.105333426,0.583558051,,,,,
2.35752,7.264156242,39.73251799,0.105333426,0.583558051,,,,,
2.35764,7.264156242,39.73251799,0.105333426,0.583558051,,,,,
2.35776,7.264156242,39.73251799,0.105333426,0.583558051,,,,,
2.35788,7.264156242,39.73251799,0.105333426,0.583558051,,,,,
2.358,7.264156242,39.73251799,0.105333426,0.583558051,,,,,
2.35812,7.264156242,39.73251799,0.105333426,0.583558051,,,,,
2.35824,7.264156242,39.73251799,0.105333426,0.583558051,,,,,
2.35836,7.264454976,39.73248975,0.105357284,0.583688409,,,,,
2.35848,7.264454976,39.73248975,0.105357284,0.583688409,,,,,
2.3586,7.264454976,39.73248975,0.105357284,0.583688409,,,,,
2.35872,7.264454976,39.73248975,0.105357284,0.583688409,,,,,
2.35884,7.264454976,39.73248975,0.105357284,0.583688409,,,,,
2.35896,7.264454976,39.73248975,0.105357284,0.583688409,,,,,
2.35908,7.264454976,39.73248975,0.105357284,0.583688409,,,,,
2.3592,7.264454976,39.73248975,0.105357284,0.583688409,,,,,
2.35932,7.264454976,39.73248975,0.105357284,0.583688409,,,,,
2.35944,7.264733593,39.73249356,0.105350878,0.583651993,,,,,
2.35956,7.264733593,39.73249356,0.105350878,0.583651993,,,,,
2.35968,7.264733593,39.73249356,0.105350878,0.583651993,,,,,
2.3598,7.264733593,39.73249356,0.105350878,0.583651993,,,,,
2.35992,7.264733593,39.73249356,0.105350878,0.583651993,,,,,
2.36004,7.264733593,39.73249356,0.105350878,0.583651993,,,,,
2.36016,7.264733593,39.73249356,0.105350878,0.583651993,,,,,
2.36028,7.264733593,39.73249356,0.105350878,0.583651993,,,,,
2.3604,7.264733593,39.73249356,0.105350878,0.583651993,,,,,
2.36052,7.264837048,39.73251086,0.105337098,0.583577111,,,,,
2.36064,7.264837048,39.73251086,0.105337098,0.583577111,,,,,
2.36076,7.264837048,39.73251086,0.105337098,0.583577111,,,,,
2.36088,7.264837048,39.73251086,0.105337098,0.583577111,,,,,
2.361,7.264837048,39.73251086,0.105337098,0.583577111,,,,,
2.36112,7.264837048,39.73251086,0.105337098,0.583577111,,,,,
2.36124,7.264837048,39.73251086,0.105337098,0.583577111,,,,,
2.36136,7.264837048,39.73251086,0.105337098,0.583577111,,,,,
2.36148,7.265124854,39.73251558,0.105337979,0.583584101,,,,,
2.3616,7.265124854,39.73251558,0.105337979,0.583584101,,,,,
2.36172,7.265124854,39.73251558,0.105337979,0.583584101,,,,,
2.36184,7.265124854,39.73251558,0.105337979,0.583584101,,,,,
2.36196,7.265124854,39.73251558,0.105337979,0.583584101,,,,,
2.36208,7.265124854,39.73251558,0.105337979,0.583584101,,,,,
2.3622,7.265124854,39.73251558,0.105337979,0.583584101,,,,,
2.36232,7.265124854,39.73251558,0.105337979,0.583584101,,,,,
2.36244,7.265124854,39.73251558,0.105337979,0.583584101,,,,,
2.36256,7.265430857,39.73254643,0.105308636,0.583422293,,,,,
2.36268,7.265430857,39.73254643,0.105308636,0.583422293,,,,,
2.3628,7.265430857,39.73254643,0.105308636,0.583422293,,,,,
2.36292,7.265430857,39.73254643,0.105308636,0.583422293,,,,,
2.36304,7.265430857,39.73254643,0.105308636,0.583422293,,,,,
2.36316,7.265430857,39.73254643,0.105308636,0.583422293,,,,,
2.36328,7.265430857,39.73254643,0.105308636,0.583422293,,,,,
2.3634,7.265430857,39.73254643,0.105308636,0.583422293,,,,,
2.36352,7.265430857,39.73254643,0.105308636,0.583422293,,,,,
2.36364,7.264920018,39.73255659,0.105301049,0.583381239,,,,,
2.36376,7.264920018,39.73255659,0.105301049,0.583381239,,,,,
2.36388,7.264920018,39.73255659,0.105301049,0.583381239,,,,,
2.364,7.264920018,39.73255659,0.105301049,0.583381239,,,,,
2.36412,7.264920018,39.73255659,0.105301049,0.583381239,,,,,
2.36424,7.264920018,39.73255659,0.105301049,0.583381239,,,,,
2.36436,7.264920018,39.73255659,0.105301049,0.583381239,,,,,
2.36448,7.264920018,39.73255659,0.105301049,0.583381239,,,,,
2.3646,7.26494147,39.73253619,0.105323559,0.583506507,,,,,
2.36472,7.26494147,39.73253619,0.105323559,0.583506507,,,,,
2.36484,7.26494147,39.73253619,0.105323559,0.583506507,,,,,
2.36496,7.26494147,39.73253619,0.105323559,0.583506507,,,,,
2.36508,7.26494147,39.73253619,0.105323559,0.583506507,,,,,
2.3652,7.26494147,39.73253619,0.105323559,0.583506507,,,,,
2.36532,7.26494147,39.73253619,0.105323559,0.583506507,,,,,
2.36544,7.26494147,39.73253619,0.105323559,0.583506507,,,,,
2.36556,7.26494147,39.73253619,0.105323559,0.583506507,,,,,
2.36568,7.265060904,39.73251931,0.105341556,0.583606439,,,,,
2.3658,7.265060904,39.73251931,0.105341556,0.583606439,,,,,
2.36592,7.265060904,39.73251931,0.105341556,0.583606439,,,,,
2.36604,7.265060904,39.73251931,0.105341556,0.583606439,,,,,
2.36616,7.265060904,39.73251931,0.105341556,0.583606439,,,,,
2.36628,7.265060904,39.73251931,0.105341556,0.583606439,,,,,
2.3664,7.265060904,39.73251931,0.105341556,0.583606439,,,,,
2.36652,7.265060904,39.73251931,0.105341556,0.583606439,,,,,
2.36664,7.265060904,39.73251931,0.105341556,0.583606439,,,,,
2.36676,7.265086501,39.73250655,0.105354316,0.583676996,,,,,
2.36688,7.265086501,39.73250655,0.105354316,0.583676996,,,,,
2.367,7.265086501,39.73250655,0.105354316,0.583676996,,,,,
2.36712,7.265086501,39.73250655,0.105354316,0.583676996,,,,,
2.36724,7.265086501,39.73250655,0.105354316,0.583676996,,,,,
2.36736,7.265086501,39.73250655,0.105354316,0.583676996,,,,,
2.36748,7.265086501,39.73250655,0.105354316,0.583676996,,,,,
2.3676,7.265086501,39.73250655,0.105354316,0.583676996,,,,,
2.36772,7.265082042,39.73249779,0.105360276,0.583708889,,,,,
2.36784,7.265082042,39.73249779,0.105360276,0.583708889,,,,,
2.36796,7.265082042,39.73249779,0.105360276,0.583708889,,,,,
2.36808,7.265082042,39.73249779,0.105360276,0.583708889,,,,,
2.3682,7.265082042,39.73249779,0.105360276,0.583708889,,,,,
2.36832,7.265082042,39.73249779,0.105360276,0.583708889,,,,,
2.36844,7.265082042,39.73249779,0.105360276,0.583708889,,,,,
2.36856,7.265082042,39.73249779,0.105360276,0.583708889,,,,,
2.36868,7.265082042,39.73249779,0.105360276,0.583708889,,,,,
2.3688,7.265218933,39.73251175,0.105341533,0.583603382,,,,,
2.36892,7.265218933,39.73251175,0.105341533,0.583603382,,,,,
2.36904,7.265218933,39.73251175,0.105341533,0.583603382,,,,,
2.36916,7.265218933,39.73251175,0.105341533,0.583603382,,,,,
2.36928,7.265218933,39.73251175,0.105341533,0.583603382,,,,,
2.3694,7.265218933,39.73251175,0.105341533,0.583603382,,,,,
2.36952,7.265218933,39.73251175,0.105341533,0.583603382,,,,,
2.36964,7.265218933,39.73251175,0.105341533,0.583603382,,,,,
2.36976,7.265218933,39.73251175,0.105341533,0.583603382,,,,,
2.36988,7.265304664,39.73254664,0.105303248,0.583390309,,,,,
2.37,7.265304664,39.73254664,0.105303248,0.583390309,,,,,
2.37012,7.265304664,39.73254664,0.105303248,0.583390309,,,,,
2.37024,7.265304664,39.73254664,0.105303248,0.583390309,,,,,
2.37036,7.265304664,39.73254664,0.105303248,0.583390309,,,,,
2.37048,7.265304664,39.73254664,0.105303248,0.583390309,,,,,
2.3706,7.265304664,39.73254664,0.105303248,0.583390309,,,,,
2.37072,7.265304664,39.73254664,0.105303248,0.583390309,,,,,
2.37084,7.265617779,39.73261264,0.105233511,0.583003112,,,,,
2.37096,7.265617779,39.73261264,0.105233511,0.583003112,,,,,
2.37108,7.265617779,39.73261264,0.105233511,0.583003112,,,,,
2.3712,7.265617779,39.73261264,0.105233511,0.583003112,,,,,
2.37132,7.265617779,39.73261264,0.105233511,0.583003112,,,,,
2.37144,7.265617779,39.73261264,0.105233511,0.583003112,,,,,
2.37156,7.265617779,39.73261264,0.105233511,0.583003112,,,,,
2.37168,7.265617779,39.73261264,0.105233511,0.583003112,,,,,
2.3718,7.265617779,39.73261264,0.105233511,0.583003112,,,,,
2.37192,7.265519632,39.73270101,0.105143985,0.582507431,,,,,
2.37204,7.265519632,39.73270101,0.105143985,0.582507431,,,,,
2.37216,7.265519632,39.73270101,0.105143985,0.582507431,,,,,
2.37228,7.265519632,39.73270101,0.105143985,0.582507431,,,,,
2.3724,7.265519632,39.73270101,0.105143985,0.582507431,,,,,
2.37252,7.265519632,39.73270101,0.105143985,0.582507431,,,,,
2.37264,7.265519632,39.73270101,0.105143985,0.582507431,,,,,
2.37276,7.265519632,39.73270101,0.105143985,0.582507431,,,,,
2.37288,7.265519632,39.73270101,0.105143985,0.582507431,,,,,
2.373,7.265298014,39.7327704,0.105077243,0.582139264,,,,,
2.37312,7.265298014,39.7327704,0.105077243,0.582139264,,,,,
2.37324,7.265298014,39.7327704,0.105077243,0.582139264,,,,,
2.37336,7.265298014,39.7327704,0.105077243,0.582139264,,,,,
2.37348,7.265298014,39.7327704,0.105077243,0.582139264,,,,,
2.3736,7.265298014,39.7327704,0.105077243,0.582139264,,,,,
2.37372,7.265298014,39.7327704,0.105077243,0.582139264,,,,,
2.37384,7.265298014,39.7327704,0.105077243,0.582139264,,,,,
2.37396,7.265113071,39.73281276,0.105039918,0.58193474,,,,,
2.37408,7.265113071,39.73281276,0.105039918,0.58193474,,,,,
2.3742,7.265113071,39.73281276,0.105039918,0.58193474,,,,,
2.37432,7.265113071,39.73281276,0.105039918,0.58193474,,,,,
2.37444,7.265113071,39.73281276,0.105039918,0.58193474,,,,,
2.37456,7.265113071,39.73281276,0.105039918,0.58193474,,,,,
2.37468,7.265113071,39.73281276,0.105039918,0.58193474,,,,,
2.3748,7.265113071,39.73281276,0.105039918,0.58193474,,,,,
2.37492,7.265113071,39.73281276,0.105039918,0.58193474,,,,,
2.37504,7.264871203,39.73282042,0.105037356,0.581922543,,,,,
2.37516,7.264871203,39.73282042,0.105037356,0.581922543,,,,,
2.37528,7.264871203,39.73282042,0.105037356,0.581922543,,,,,
2.3754,7.264871203,39.73282042,0.105037356,0.581922543,,,,,
2.37552,7.264871203,39.73282042,0.105037356,0.581922543,,,,,
2.37564,7.264871203,39.73282042,0.105037356,0.581922543,,,,,
2.37576,7.264871203,39.73282042,0.105037356,0.581922543,,,,,
2.37588,7.264871203,39.73282042,0.105037356,0.581922543,,,,,
2.376,7.264871203,39.73282042,0.105037356,0.581922543,,,,,
2.37612,7.264749689,39.7328004,0.105060067,0.582049232,,,,,
2.37624,7.264749689,39.7328004,0.105060067,0.582049232,,,,,
2.37636,7.264749689,39.7328004,0.105060067,0.582049232,,,,,
2.37648,7.264749689,39.7328004,0.105060067,0.582049232,,,,,
2.3766,7.264749689,39.7328004,0.105060067,0.582049232,,,,,
2.37672,7.264749689,39.7328004,0.105060067,0.582049232,,,,,
2.37684,7.264749689,39.7328004,0.105060067,0.582049232,,,,,
2.37696,7.264749689,39.7328004,0.105060067,0.582049232,,,,,
2.37708,7.264749689,39.7328004,0.105060067,0.582049232,,,,,
2.3772,7.264807393,39.73277383,0.105087213,0.582199635,,,,,
2.37732,7.264807393,39.73277383,0.105087213,0.582199635,,,,,
2.37744,7.264807393,39.73277383,0.105087213,0.582199635,,,,,
2.37756,7.264807393,39.73277383,0.105087213,0.582199635,,,,,
2.37768,7.264807393,39.73277383,0.105087213,0.582199635,,,,,
2.3778,7.264807393,39.73277383,0.105087213,0.582199635,,,,,
2.37792,7.264807393,39.73277383,0.105087213,0.582199635,,,,,
2.37804,7.264807393,39.73277383,0.105087213,0.582199635,,,,,
2.37816,7.265213221,39.73276579,0.105092547,0.582228094,,,,,
2.37828,7.265213221,39.73276579,0.105092547,0.582228094,,,,,
2.3784,7.265213221,39.73276579,0.105092547,0.582228094,,,,,
2.37852,7.265213221,39.73276579,0.105092547,0.582228094,,,,,
2.37864,7.265213221,39.73276579,0.105092547,0.582228094,,,,,
2.37876,7.265213221,39.73276579,0.105092547,0.582228094,,,,,
2.37888,7.265213221,39.73276579,0.105092547,0.582228094,,,,,
2.379,7.265213221,39.73276579,0.105092547,0.582228094,,,,,
2.37912,7.265213221,39.73276579,0.105092547,0.582228094,,,,,
2.37924,7.265605164,39.73281842,0.105033211,0.581897246,,,,,
2.37936,7.265605164,39.73281842,0.105033211,0.581897246,,,,,
2.37948,7.265605164,39.73281842,0.105033211,0.581897246,,,,,
2.3796,7.265605164,39.73281842,0.105033211,0.581897246,,,,,
2.37972,7.265605164,39.73281842,0.105033211,0.581897246,,,,,
2.37984,7.265605164,39.73281842,0.105033211,0.581897246,,,,,
2.37996,7.265605164,39.73281842,0.105033211,0.581897246,,,,,
2.38008,7.265605164,39.73281842,0.105033211,0.581897246,,,,,
2.3802,7.265605164,39.73281842,0.105033211,0.581897246,,,,,
2.38032,7.265286569,39.73289031,0.104957306,0.581475735,,,,,
2.38044,7.265286569,39.73289031,0.104957306,0.581475735,,,,,
2.38056,7.265286569,39.73289031,0.104957306,0.581475735,,,,,
2.38068,7.265286569,39.73289031,0.104957306,0.581475735,,,,,
2.3808,7.265286569,39.73289031,0.104957306,0.581475735,,,,,
2.38092,7.265286569,39.73289031,0.104957306,0.581475735,,,,,
2.38104,7.265286569,39.73289031,0.104957306,0.581475735,,,,,
2.38116,7.265286569,39.73289031,0.104957306,0.581475735,,,,,
2.38128,7.265198051,39.73295132,0.104896292,0.581138133,,,,,
2.3814,7.265198051,39.73295132,0.104896292,0.581138133,,,,,
2.38152,7.265198051,39.73295132,0.104896292,0.581138133,,,,,
2.38164,7.265198051,39.73295132,0.104896292,0.581138133,,,,,
2.38176,7.265198051,39.73295132,0.104896292,0.581138133,,,,,
2.38188,7.265198051,39.73295132,0.104896292,0.581138133,,,,,
2.382,7.265198051,39.73295132,0.104896292,0.581138133,,,,,
2.38212,7.265198051,39.73295132,0.104896292,0.581138133,,,,,
2.38224,7.265198051,39.73295132,0.104896292,0.581138133,,,,,
2.38236,7.265040205,39.73299761,0.104853823,0.580904604,,,,,
2.38248,7.265040205,39.73299761,0.104853823,0.580904604,,,,,
2.3826,7.265040205,39.73299761,0.104853823,0.580904604,,,,,
2.38272,7.265040205,39.73299761,0.104853823,0.580904604,,,,,
2.38284,7.265040205,39.73299761,0.104853823,0.580904604,,,,,
2.38296,7.265040205,39.73299761,0.104853823,0.580904604,,,,,
2.38308,7.265040205,39.73299761,0.104853823,0.580904604,,,,,
2.3832,7.265040205,39.73299761,0.104853823,0.580904604,,,,,
2.38332,7.265040205,39.73299761,0.104853823,0.580904604,,,,,
2.38344,7.264842623,39.73301238,0.104844838,0.580857062,,,,,
2.38356,7.264842623,39.73301238,0.104844838,0.580857062,,,,,
2.38368,7.264842623,39.73301238,0.104844838,0.580857062,,,,,
2.3838,7.264842623,39.73301238,0.104844838,0.580857062,,,,,
2.38392,7.264842623,39.73301238,0.104844838,0.580857062,,,,,
2.38404,7.264842623,39.73301238,0.104844838,0.580857062,,,,,
2.38416,7.264842623,39.73301238,0.104844838,0.580857062,,,,,
2.38428,7.264842623,39.73301238,0.104844838,0.580857062,,,,,
2.3844,7.264667741,39.73299336,0.104868233,0.580988133,,,,,
2.38452,7.264667741,39.73299336,0.104868233,0.580988133,,,,,
2.38464,7.264667741,39.73299336,0.104868233,0.580988133,,,,,
2.38476,7.264667741,39.73299336,0.104868233,0.580988133,,,,,
2.38488,7.264667741,39.73299336,0.104868233,0.580988133,,,,,
2.385,7.264667741,39.73299336,0.104868233,0.580988133,,,,,
2.38512,7.264667741,39.73299336,0.104868233,0.580988133,,,,,
2.38524,7.264667741,39.73299336,0.104868233,0.580988133,,,,,
2.38536,7.264667741,39.73299336,0.104868233,0.580988133,,,,,
2.38548,7.264722674,39.73296242,0.104900443,0.581166812,,,,,
2.3856,7.264722674,39.73296242,0.104900443,0.581166812,,,,,
2.38572,7.264722674,39.73296242,0.104900443,0.581166812,,,,,
2.38584,7.264722674,39.73296242,0.104900443,0.581166812,,,,,
2.38596,7.264722674,39.73296242,0.104900443,0.581166812,,,,,
2.38608,7.264722674,39.73296242,0.104900443,0.581166812,,,,,
2.3862,7.264722674,39.73296242,0.104900443,0.581166812,,,,,
2.38632,7.264722674,39.73296242,0.104900443,0.581166812,,,,,
2.38644,7.264722674,39.73296242,0.104900443,0.581166812,,,,,
2.38656,7.264740264,39.73292996,0.104933881,0.581352196,,,,,
2.38668,7.264740264,39.73292996,0.104933881,0.581352196,,,,,
2.3868,7.264740264,39.73292996,0.104933881,0.581352196,,,,,
2.38692,7.264740264,39.73292996,0.104933881,0.581352196,,,,,
2.38704,7.264740264,39.73292996,0.104933881,0.581352196,,,,,
2.38716,7.264740264,39.73292996,0.104933881,0.581352196,,,,,
2.38728,7.264740264,39.73292996,0.104933881,0.581352196,,,,,
2.3874,7.264740264,39.73292996,0.104933881,0.581352196,,,,,
2.38752,7.264897873,39.73290363,0.104959093,0.581491291,,,,,
2.38764,7.264897873,39.73290363,0.104959093,0.581491291,,,,,
2.38776,7.264897873,39.73290363,0.104959093,0.581491291,,,,,
2.38788,7.264897873,39.73290363,0.104959093,0.581491291,,,,,
2.388,7.264897873,39.73290363,0.104959093,0.581491291,,,,,
2.38812,7.264897873,39.73290363,0.104959093,0.581491291,,,,,
2.38824,7.264897873,39.73290363,0.104959093,0.581491291,,,,,
2.38836,7.264897873,39.73290363,0.104959093,0.581491291,,,,,
2.38848,7.264897873,39.73290363,0.104959093,0.581491291,,,,,
2.3886,7.264871357,39.73289227,0.104967841,0.581538751,,,,,
2.38872,7.264871357,39.73289227,0.104967841,0.581538751,,,,,
2.38884,7.264871357,39.73289227,0.104967841,0.581538751,,,,,
2.38896,7.264871357,39.73289227,0.104967841,0.581538751,,,,,
2.38908,7.264871357,39.73289227,0.104967841,0.581538751,,,,,
2.3892,7.264871357,39.73289227,0.104967841,0.581538751,,,,,
2.38932,7.264871357,39.73289227,0.104967841,0.581538751,,,,,
2.38944,7.264871357,39.73289227,0.104967841,0.581538751,,,,,
2.38956,7.264871357,39.73289227,0.104967841,0.581538751,,,,,
2.38968,7.264776769,39.7328812,0.104976686,0.581586901,,,,,
2.3898,7.264776769,39.7328812,0.104976686,0.581586901,,,,,
2.38992,7.264776769,39.7328812,0.104976686,0.581586901,,,,,
2.39004,7.264776769,39.7328812,0.104976686,0.581586901,,,,,
2.39016,7.264776769,39.7328812,0.104976686,0.581586901,,,,,
2.39028,7.264776769,39.7328812,0.104976686,0.581586901,,,,,
2.3904,7.264776769,39.7328812,0.104976686,0.581586901,,,,,
2.39052,7.264776769,39.7328812,0.104976686,0.581586901,,,,,
2.39064,7.26480997,39.73287369,0.104982854,0.581620561,,,,,
2.39076,7.26480997,39.73287369,0.104982854,0.581620561,,,,,
2.39088,7.26480997,39.73287369,0.104982854,0.581620561,,,,,
2.391,7.26480997,39.73287369,0.104982854,0.581620561,,,,,
2.39112,7.26480997,39.73287369,0.104982854,0.581620561,,,,,
2.39124,7.26480997,39.73287369,0.104982854,0.581620561,,,,,
2.39136,7.26480997,39.73287369,0.104982854,0.581620561,,,,,
2.39148,7.26480997,39.73287369,0.104982854,0.581620561,,,,,
2.3916,7.26480997,39.73287369,0.104982854,0.581620561,,,,,
2.39172,7.264908937,39.7328724,0.104984288,0.581628593,,,,,
2.39184,7.264908937,39.7328724,0.104984288,0.581628593,,,,,
2.39196,7.264908937,39.7328724,0.104984288,0.581628593,,,,,
2.39208,7.264908937,39.7328724,0.104984288,0.581628593,,,,,
2.3922,7.264908937,39.7328724,0.104984288,0.581628593,,,,,
2.39232,7.264908937,39.7328724,0.104984288,0.581628593,,,,,
2.39244,7.264908937,39.7328724,0.104984288,0.581628593,,,,,
2.39256,7.264908937,39.7328724,0.104984288,0.581628593,,,,,
2.39268,7.264908937,39.7328724,0.104984288,0.581628593,,,,,
2.3928,7.265033075,39.73287391,0.104985527,0.581636516,,,,,
2.39292,7.265033075,39.73287391,0.104985527,0.581636516,,,,,
2.39304,7.265033075,39.73287391,0.104985527,0.581636516,,,,,
2.39316,7.265033075,39.73287391,0.104985527,0.581636516,,,,,
2.39328,7.265033075,39.73287391,0.104985527,0.581636516,,,,,
2.3934,7.265033075,39.73287391,0.104985527,0.581636516,,,,,
2.39352,7.265033075,39.73287391,0.104985527,0.581636516,,,,,
2.39364,7.265033075,39.73287391,0.104985527,0.581636516,,,,,
2.39376,7.265061496,39.73286281,0.105003682,0.581739622,,,,,
2.39388,7.265061496,39.73286281,0.105003682,0.581739622,,,,,
2.394,7.265061496,39.73286281,0.105003682,0.581739622,,,,,
2.39412,7.265061496,39.73286281,0.105003682,0.581739622,,,,,
2.39424,7.265061496,39.73286281,0.105003682,0.581739622,,,,,
2.39436,7.265061496,39.73286281,0.105003682,0.581739622,,,,,
2.39448,7.265061496,39.73286281,0.105003682,0.581739622,,,,,
2.3946,7.265061496,39.73286281,0.105003682,0.581739622,,,,,
2.39472,7.265061496,39.73286281,0.105003682,0.581739622,,,,,
2.39484,7.265155169,39.73282275,0.105052345,0.582012063,,,,,
2.39496,7.265155169,39.73282275,0.105052345,0.582012063,,,,,
2.39508,7.265155169,39.73282275,0.105052345,0.582012063,,,,,
2.3952,7.265155169,39.73282275,0.105052345,0.582012063,,,,,
2.39532,7.265155169,39.73282275,0.105052345,0.582012063,,,,,
2.39544,7.265155169,39.73282275,0.105052345,0.582012063,,,,,
2.39556,7.265155169,39.73282275,0.105052345,0.582012063,,,,,
2.39568,7.265155169,39.73282275,0.105052345,0.582012063,,,,,
2.3958,7.265155169,39.73282275,0.105052345,0.582012063,,,,,
2.39592,7.265192459,39.7327694,0.105110789,0.582337262,,,,,
2.39604,7.265192459,39.7327694,0.105110789,0.582337262,,,,,
2.39616,7.265192459,39.7327694,0.105110789,0.582337262,,,,,
2.39628,7.265192459,39.7327694,0.105110789,0.582337262,,,,,
2.3964,7.265192459,39.7327694,0.105110789,0.582337262,,,,,
2.39652,7.265192459,39.7327694,0.105110789,0.582337262,,,,,
2.39664,7.265192459,39.7327694,0.105110789,0.582337262,,,,,
2.39676,7.265192459,39.7327694,0.105110789,0.582337262,,,,,
2.39688,7.264955499,39.73269205,0.105189759,0.582774698,,,,,
2.397,7.264955499,39.73269205,0.105189759,0.582774698,,,,,
2.39712,7.264955499,39.73269205,0.105189759,0.582774698,,,,,
2.39724,7.264955499,39.73269205,0.105189759,0.582774698,,,,,
2.39736,7.264955499,39.73269205,0.105189759,0.582774698,,,,,
2.39748,7.264955499,39.73269205,0.105189759,0.582774698,,,,,
2.3976,7.264955499,39.73269205,0.105189759,0.582774698,,,,,
2.39772,7.264955499,39.73269205,0.105189759,0.582774698,,,,,
2.39784,7.264955499,39.73269205,0.105189759,0.582774698,,,,,
2.39796,7.265132126,39.73261257,0.105266966,0.583200931,,,,,
2.39808,7.265132126,39.73261257,0.105266966,0.583200931,,,,,
2.3982,7.265132126,39.73261257,0.105266966,0.583200931,,,,,
2.39832,7.265132126,39.73261257,0.105266966,0.583200931,,,,,
2.39844,7.265132126,39.73261257,0.105266966,0.583200931,,,,,
2.39856,7.265132126,39.73261257,0.105266966,0.583200931,,,,,
2.39868,7.265132126,39.73261257,0.105266966,0.583200931,,,,,
2.3988,7.265132126,39.73261257,0.105266966,0.583200931,,,,,
2.39892,7.265132126,39.73261257,0.105266966,0.583200931,,,,,
2.39904,7.265371387,39.73256164,0.105313457,0.583456429,,,,,
2.39916,7.265371387,39.73256164,0.105313457,0.583456429,,,,,
2.39928,7.265371387,39.73256164,0.105313457,0.583456429,,,,,
2.3994,7.265371387,39.73256164,0.105313457,0.583456429,,,,,
2.39952,7.265371387,39.73256164,0.105313457,0.583456429,,,,,
2.39964,7.265371387,39.73256164,0.105313457,0.583456429,,,,,
2.39976,7.265371387,39.73256164,0.105313457,0.583456429,,,,,
2.39988,7.265371387,39.73256164,0.105313457,0.583456429,,,,,
2.4,7.265679839,39.73254616,0.105324547,0.583516095,,,,,
2.40012,7.265679839,39.73254616,0.105324547,0.583516095,,,,,
2.40024,7.265679839,39.73254616,0.105324547,0.583516095,,,,,
2.40036,7.265679839,39.73254616,0.105324547,0.583516095,,,,,
2.40048,7.265679839,39.73254616,0.105324547,0.583516095,,,,,
2.4006,7.265679839,39.73254616,0.105324547,0.583516095,,,,,
2.40072,7.265679839,39.73254616,0.105324547,0.583516095,,,,,
2.40084,7.265679839,39.73254616,0.105324547,0.583516095,,,,,
2.40096,7.265679839,39.73254616,0.105324547,0.583516095,,,,,
2.40108,7.26591233,39.73256198,0.105306856,0.583417506,,,,,
2.4012,7.26591233,39.73256198,0.105306856,0.583417506,,,,,
2.40132,7.26591233,39.73256198,0.105306856,0.583417506,,,,,
2.40144,7.26591233,39.73256198,0.105306856,0.583417506,,,,,
2.40156,7.26591233,39.73256198,0.105306856,0.583417506,,,,,
2.40168,7.26591233,39.73256198,0.105306856,0.583417506,,,,,
2.4018,7.26591233,39.73256198,0.105306856,0.583417506,,,,,
2.40192,7.26591233,39.73256198,0.105306856,0.583417506,,,,,
2.40204,7.26591233,39.73256198,0.105306856,0.583417506,,,,,
2.40216,7.26596403,39.73258701,0.105284432,0.583294434,,,,,
2.40228,7.26596403,39.73258701,0.105284432,0.583294434,,,,,
2.4024,7.26596403,39.73258701,0.105284432,0.583294434,,,,,
2.40252,7.26596403,39.73258701,0.105284432,0.583294434,,,,,
2.40264,7.26596403,39.73258701,0.105284432,0.583294434,,,,,
2.40276,7.26596403,39.73258701,0.105284432,0.583294434,,,,,
2.40288,7.26596403,39.73258701,0.105284432,0.583294434,,,,,
2.403,7.26596403,39.73258701,0.105284432,0.583294434,,,,,
2.40312,7.26596403,39.73258701,0.105284432,0.583294434,,,,,
2.40324,7.265847106,39.73258738,0.105291279,0.583335033,,,,,
2.40336,7.265847106,39.73258738,0.105291279,0.583335033,,,,,
2.40348,7.265847106,39.73258738,0.105291279,0.583335033,,,,,
2.4036,7.265847106,39.73258738,0.105291279,0.583335033,,,,,
2.40372,7.265847106,39.73258738,0.105291279,0.583335033,,,,,
2.40384,7.265847106,39.73258738,0.105291279,0.583335033,,,,,
2.40396,7.265847106,39.73258738,0.105291279,0.583335033,,,,,
2.40408,7.265847106,39.73258738,0.105291279,0.583335033,,,,,
2.4042,7.26589421,39.73255974,0.105325413,0.583526332,,,,,
2.40432,7.26589421,39.73255974,0.105325413,0.583526332,,,,,
2.40444,7.26589421,39.73255974,0.105325413,0.583526332,,,,,
2.40456,7.26589421,39.73255974,0.105325413,0.583526332,,,,,
2.40468,7.26589421,39.73255974,0.105325413,0.583526332,,,,,
2.4048,7.26589421,39.73255974,0.105325413,0.583526332,,,,,
2.40492,7.26589421,39.73255974,0.105325413,0.583526332,,,,,
2.40504,7.26589421,39.73255974,0.105325413,0.583526332,,,,,
2.40516,7.26589421,39.73255974,0.105325413,0.583526332,,,,,
2.40528,7.265895059,39.73251905,0.105369406,0.58377098,,,,,
2.4054,7.265895059,39.73251905,0.105369406,0.58377098,,,,,
2.40552,7.265895059,39.73251905,0.105369406,0.58377098,,,,,
2.40564,7.265895059,39.73251905,0.105369406,0.58377098,,,,,
2.40576,7.265895059,39.73251905,0.105369406,0.58377098,,,,,
2.40588,7.265895059,39.73251905,0.105369406,0.58377098,,,,,
2.406,7.265895059,39.73251905,0.105369406,0.58377098,,,,,
2.40612,7.265895059,39.73251905,0.105369406,0.58377098,,,,,
2.40624,7.265895059,39.73251905,0.105369406,0.58377098,,,,,
2.40636,7.265993574,39.73247531,0.105413287,0.58401384,,,,,
2.40648,7.265993574,39.73247531,0.105413287,0.58401384,,,,,
2.4066,7.265993574,39.73247531,0.105413287,0.58401384,,,,,
2.40672,7.265993574,39.73247531,0.105413287,0.58401384,,,,,
2.40684,7.265993574,39.73247531,0.105413287,0.58401384,,,,,
2.40696,7.265993574,39.73247531,0.105413287,0.58401384,,,,,
2.40708,7.265993574,39.73247531,0.105413287,0.58401384,,,,,
2.4072,7.265993574,39.73247531,0.105413287,0.58401384,,,,,
2.40732,7.266114143,39.73244504,0.105441487,0.584169127,,,,,
2.40744,7.266114143,39.73244504,0.105441487,0.584169127,,,,,
2.40756,7.266114143,39.73244504,0.105441487,0.584169127,,,,,
2.40768,7.266114143,39.73244504,0.105441487,0.584169127,,,,,
2.4078,7.266114143,39.73244504,0.105441487,0.584169127,,,,,
2.40792,7.266114143,39.73244504,0.105441487,0.584169127,,,,,
2.40804,7.266114143,39.73244504,0.105441487,0.584169127,,,,,
2.40816,7.266114143,39.73244504,0.105441487,0.584169127,,,,,
2.40828,7.266114143,39.73244504,0.105441487,0.584169127,,,,,
2.4084,7.266272864,39.73243314,0.105450304,0.584216794,,,,,
2.40852,7.266272864,39.73243314,0.105450304,0.584216794,,,,,
2.40864,7.266272864,39.73243314,0.105450304,0.584216794,,,,,
2.40876,7.266272864,39.73243314,0.105450304,0.584216794,,,,,
2.40888,7.266272864,39.73243314,0.105450304,0.584216794,,,,,
2.409,7.266272864,39.73243314,0.105450304,0.584216794,,,,,
2.40912,7.266272864,39.73243314,0.105450304,0.584216794,,,,,
2.40924,7.266272864,39.73243314,0.105450304,0.584216794,,,,,
2.40936,7.266272864,39.73243314,0.105450304,0.584216794,,,,,
2.40948,7.266457744,39.73244446,0.105437013,0.584142549,,,,,
2.4096,7.266457744,39.73244446,0.105437013,0.584142549,,,,,
2.40972,7.266457744,39.73244446,0.105437013,0.584142549,,,,,
2.40984,7.266457744,39.73244446,0.105437013,0.584142549,,,,,
2.40996,7.266457744,39.73244446,0.105437013,0.584142549,,,,,
2.41008,7.266457744,39.73244446,0.105437013,0.584142549,,,,,
2.4102,7.266457744,39.73244446,0.105437013,0.584142549,,,,,
2.41032,7.266457744,39.73244446,0.105437013,0.584142549,,,,,
2.41044,7.266501773,39.73246577,0.105416429,0.58402895,,,,,
2.41056,7.266501773,39.73246577,0.105416429,0.58402895,,,,,
2.41068,7.266501773,39.73246577,0.105416429,0.58402895,,,,,
2.4108,7.266501773,39.73246577,0.105416429,0.58402895,,,,,
2.41092,7.266501773,39.73246577,0.105416429,0.58402895,,,,,
2.41104,7.266501773,39.73246577,0.105416429,0.58402895,,,,,
2.41116,7.266501773,39.73246577,0.105416429,0.58402895,,,,,
2.41128,7.266501773,39.73246577,0.105416429,0.58402895,,,,,
2.4114,7.266501773,39.73246577,0.105416429,0.58402895,,,,,
2.41152,7.266718123,39.73248949,0.105393956,0.583905072,,,,,
2.41164,7.266718123,39.73248949,0.105393956,0.583905072,,,,,
2.41176,7.266718123,39.73248949,0.105393956,0.583905072,,,,,
2.41188,7.266718123,39.73248949,0.105393956,0.583905072,,,,,
2.412,7.266718123,39.73248949,0.105393956,0.583905072,,,,,
2.41212,7.266718123,39.73248949,0.105393956,0.583905072,,,,,
2.41224,7.266718123,39.73248949,0.105393956,0.583905072,,,,,
2.41236,7.266718123,39.73248949,0.105393956,0.583905072,,,,,
2.41248,7.266718123,39.73248949,0.105393956,0.583905072,,,,,
2.4126,7.26699626,39.73253923,0.105343843,0.583627654,,,,,
2.41272,7.26699626,39.73253923,0.105343843,0.583627654,,,,,
2.41284,7.26699626,39.73253923,0.105343843,0.583627654,,,,,
2.41296,7.26699626,39.73253923,0.105343843,0.583627654,,,,,
2.41308,7.26699626,39.73253923,0.105343843,0.583627654,,,,,
2.4132,7.26699626,39.73253923,0.105343843,0.583627654,,,,,
2.41332,7.26699626,39.73253923,0.105343843,0.583627654,,,,,
2.41344,7.26699626,39.73253923,0.105343843,0.583627654,,,,,
2.41356,7.26684348,39.73259282,0.105290891,0.583334906,,,,,
2.41368,7.26684348,39.73259282,0.105290891,0.583334906,,,,,
2.4138,7.26684348,39.73259282,0.105290891,0.583334906,,,,,
2.41392,7.26684348,39.73259282,0.105290891,0.583334906,,,,,
2.41404,7.26684348,39.73259282,0.105290891,0.583334906,,,,,
2.41416,7.26684348,39.73259282,0.105290891,0.583334906,,,,,
2.41428,7.26684348,39.73259282,0.105290891,0.583334906,,,,,
2.4144,7.26684348,39.73259282,0.105290891,0.583334906,,,,,
2.41452,7.26684348,39.73259282,0.105290891,0.583334906,,,,,
2.41464,7.266858619,39.73263658,0.105249036,0.583104007,,,,,
2.41476,7.266858619,39.73263658,0.105249036,0.583104007,,,,,
2.41488,7.266858619,39.73263658,0.105249036,0.583104007,,,,,
2.415,7.266858619,39.73263658,0.105249036,0.583104007,,,,,
2.41512,7.266858619,39.73263658,0.105249036,0.583104007,,,,,
2.41524,7.266858619,39.73263658,0.105249036,0.583104007,,,,,
2.41536,7.266858619,39.73263658,0.105249036,0.583104007,,,,,
2.41548,7.266858619,39.73263658,0.105249036,0.583104007,,,,,
2.4156,7.266858619,39.73263658,0.105249036,0.583104007,,,,,
2.41572,7.266710355,39.73266937,0.105219581,0.582942244,,,,,
2.41584,7.266710355,39.73266937,0.105219581,0.582942244,,,,,
2.41596,7.266710355,39.73266937,0.105219581,0.582942244,,,,,
2.41608,7.266710355,39.73266937,0.105219581,0.582942244,,,,,
2.4162,7.266710355,39.73266937,0.105219581,0.582942244,,,,,
2.41632,7.266710355,39.73266937,0.105219581,0.582942244,,,,,
2.41644,7.266710355,39.73266937,0.105219581,0.582942244,,,,,
2.41656,7.266710355,39.73266937,0.105219581,0.582942244,,,,,
2.41668,7.266495959,39.73267566,0.105216187,0.582924506,,,,,
2.4168,7.266495959,39.73267566,0.105216187,0.582924506,,,,,
2.41692,7.266495959,39.73267566,0.105216187,0.582924506,,,,,
2.41704,7.266495959,39.73267566,0.105216187,0.582924506,,,,,
2.41716,7.266495959,39.73267566,0.105216187,0.582924506,,,,,
2.41728,7.266495959,39.73267566,0.105216187,0.582924506,,,,,
2.4174,7.266495959,39.73267566,0.105216187,0.582924506,,,,,
2.41752,7.266495959,39.73267566,0.105216187,0.582924506,,,,,
2.41764,7.266495959,39.73267566,0.105216187,0.582924506,,,,,
2.41776,7.266405835,39.73266591,0.10522604,0.582979034,,,,,
2.41788,7.266405835,39.73266591,0.10522604,0.582979034,,,,,
2.418,7.266405835,39.73266591,0.10522604,0.582979034,,,,,
2.41812,7.266405835,39.73266591,0.10522604,0.582979034,,,,,
2.41824,7.266405835,39.73266591,0.10522604,0.582979034,,,,,
2.41836,7.266405835,39.73266591,0.10522604,0.582979034,,,,,
2.41848,7.266405835,39.73266591,0.10522604,0.582979034,,,,,
2.4186,7.266405835,39.73266591,0.10522604,0.582979034,,,,,
2.41872,7.266405835,39.73266591,0.10522604,0.582979034,,,,,
2.41884,7.266475289,39.73266425,0.105223881,0.582965671,,,,,
2.41896,7.266475289,39.73266425,0.105223881,0.582965671,,,,,
2.41908,7.266475289,39.73266425,0.105223881,0.582965671,,,,,
2.4192,7.266475289,39.73266425,0.105223881,0.582965671,,,,,
2.41932,7.266475289,39.73266425,0.105223881,0.582965671,,,,,
2.41944,7.266475289,39.73266425,0.105223881,0.582965671,,,,,
2.41956,7.266475289,39.73266425,0.105223881,0.582965671,,,,,
2.41968,7.266475289,39.73266425,0.105223881,0.582965671,,,,,
2.4198,7.266653476,39.73269011,0.105192453,0.582789759,,,,,
2.41992,7.266653476,39.73269011,0.105192453,0.582789759,,,,,
2.42004,7.266653476,39.73269011,0.105192453,0.582789759,,,,,
2.42016,7.266653476,39.73269011,0.105192453,0.582789759,,,,,
2.42028,7.266653476,39.73269011,0.105192453,0.582789759,,,,,
2.4204,7.266653476,39.73269011,0.105192453,0.582789759,,,,,
2.42052,7.266653476,39.73269011,0.105192453,0.582789759,,,,,
2.42064,7.266653476,39.73269011,0.105192453,0.582789759,,,,,
2.42076,7.266653476,39.73269011,0.105192453,0.582789759,,,,,
2.42088,7.266916141,39.73275499,0.105122225,0.582399279,,,,,
2.421,7.266916141,39.73275499,0.105122225,0.582399279,,,,,
2.42112,7.266916141,39.73275499,0.105122225,0.582399279,,,,,
2.42124,7.266916141,39.73275499,0.105122225,0.582399279,,,,,
2.42136,7.266916141,39.73275499,0.105122225,0.582399279,,,,,
2.42148,7.266916141,39.73275499,0.105122225,0.582399279,,,,,
2.4216,7.266916141,39.73275499,0.105122225,0.582399279,,,,,
2.42172,7.266916141,39.73275499,0.105122225,0.582399279,,,,,
2.42184,7.266916141,39.73275499,0.105122225,0.582399279,,,,,
2.42196,7.266883227,39.73284603,0.105028571,0.581880224,,,,,
2.42208,7.266883227,39.73284603,0.105028571,0.581880224,,,,,
2.4222,7.266883227,39.73284603,0.105028571,0.581880224,,,,,
2.42232,7.266883227,39.73284603,0.105028571,0.581880224,,,,,
2.42244,7.266883227,39.73284603,0.105028571,0.581880224,,,,,
2.42256,7.266883227,39.73284603,0.105028571,0.581880224,,,,,
2.42268,7.266883227,39.73284603,0.105028571,0.581880224,,,,,
2.4228,7.266883227,39.73284603,0.105028571,0.581880224,,,,,
2.42292,7.266697515,39.73292972,0.104946143,0.581424738,,,,,
2.42304,7.266697515,39.73292972,0.104946143,0.581424738,,,,,
2.42316,7.266697515,39.73292972,0.104946143,0.581424738,,,,,
2.42328,7.266697515,39.73292972,0.104946143,0.581424738,,,,,
2.4234,7.266697515,39.73292972,0.104946143,0.581424738,,,,,
2.42352,7.266697515,39.73292972,0.104946143,0.581424738,,,,,
2.42364,7.266697515,39.73292972,0.104946143,0.581424738,,,,,
2.42376,7.266697515,39.73292972,0.104946143,0.581424738,,,,,
2.42388,7.266697515,39.73292972,0.104946143,0.581424738,,,,,
2.424,7.266384595,39.73298594,0.10489448,0.581140682,,,,,
2.42412,7.266384595,39.73298594,0.10489448,0.581140682,,,,,
2.42424,7.266384595,39.73298594,0.10489448,0.581140682,,,,,
2.42436,7.266384595,39.73298594,0.10489448,0.581140682,,,,,
2.42448,7.266384595,39.73298594,0.10489448,0.581140682,,,,,
2.4246,7.266384595,39.73298594,0.10489448,0.581140682,,,,,
2.42472,7.266384595,39.73298594,0.10489448,0.581140682,,,,,
2.42484,7.266384595,39.73298594,0.10489448,0.581140682,,,,,
2.42496,7.266384595,39.73298594,0.10489448,0.581140682,,,,,
2.42508,7.266039947,39.73299798,0.104887541,0.581104229,,,,,
2.4252,7.266039947,39.73299798,0.104887541,0.581104229,,,,,
2.42532,7.266039947,39.73299798,0.104887541,0.581104229,,,,,
2.42544,7.266039947,39.73299798,0.104887541,0.581104229,,,,,
2.42556,7.266039947,39.73299798,0.104887541,0.581104229,,,,,
2.42568,7.266039947,39.73299798,0.104887541,0.581104229,,,,,
2.4258,7.266039947,39.73299798,0.104887541,0.581104229,,,,,
2.42592,7.266039947,39.73299798,0.104887541,0.581104229,,,,,
2.42604,7.266039947,39.73299798,0.104887541,0.581104229,,,,,
2.42616,7.265944561,39.73297974,0.10490892,0.581223692,,,,,
2.42628,7.265944561,39.73297974,0.10490892,0.581223692,,,,,
2.4264,7.265944561,39.73297974,0.10490892,0.581223692,,,,,
2.42652,7.265944561,39.73297974,0.10490892,0.581223692,,,,,
2.42664,7.265944561,39.73297974,0.10490892,0.581223692,,,,,
2.42676,7.265944561,39.73297974,0.10490892,0.581223692,,,,,
2.42688,7.265944561,39.73297974,0.10490892,0.581223692,,,,,
2.427,7.265944561,39.73297974,0.10490892,0.581223692,,,,,
2.42712,7.265986818,39.73295369,0.10493613,0.581374652,,,,,
2.42724,7.265986818,39.73295369,0.10493613,0.581374652,,,,,
2.42736,7.265986818,39.73295369,0.10493613,0.581374652,,,,,
2.42748,7.265986818,39.73295369,0.10493613,0.581374652,,,,,
2.4276,7.265986818,39.73295369,0.10493613,0.581374652,,,,,
2.42772,7.265986818,39.73295369,0.10493613,0.581374652,,,,,
2.42784,7.265986818,39.73295369,0.10493613,0.581374652,,,,,
2.42796,7.265986818,39.73295369,0.10493613,0.581374652,,,,,
2.42808,7.265986818,39.73295369,0.10493613,0.581374652,,,,,
2.4282,7.266221731,39.73293722,0.104951384,0.581458578,,,,,
2.42832,7.266221731,39.73293722,0.104951384,0.581458578,,,,,
2.42844,7.266221731,39.73293722,0.104951384,0.581458578,,,,,
2.42856,7.266221731,39.73293722,0.104951384,0.581458578,,,,,
2.42868,7.266221731,39.73293722,0.104951384,0.581458578,,,,,
2.4288,7.266221731,39.73293722,0.104951384,0.581458578,,,,,
2.42892,7.266221731,39.73293722,0.104951384,0.581458578,,,,,
2.42904,7.266221731,39.73293722,0.104951384,0.581458578,,,,,
2.42916,7.266221731,39.73293722,0.104951384,0.581458578,,,,,
2.42928,7.266423725,39.7329517,0.104933729,0.581359702,,,,,
2.4294,7.266423725,39.7329517,0.104933729,0.581359702,,,,,
2.42952,7.266423725,39.7329517,0.104933729,0.581359702,,,,,
2.42964,7.266423725,39.7329517,0.104933729,0.581359702,,,,,
2.42976,7.266423725,39.7329517,0.104933729,0.581359702,,,,,
2.42988,7.266423725,39.7329517,0.104933729,0.581359702,,,,,
2.43,7.266423725,39.7329517,0.104933729,0.581359702,,,,,
2.43012,7.266423725,39.7329517,0.104933729,0.581359702,,,,,
2.43024,7.266211476,39.73297321,0.104909964,0.581227341,,,,,
2.43036,7.266211476,39.73297321,0.104909964,0.581227341,,,,,
2.43048,7.266211476,39.73297321,0.104909964,0.581227341,,,,,
2.4306,7.266211476,39.73297321,0.104909964,0.581227341,,,,,
2.43072,7.266211476,39.73297321,0.104909964,0.581227341,,,,,
2.43084,7.266211476,39.73297321,0.104909964,0.581227341,,,,,
2.43096,7.266211476,39.73297321,0.104909964,0.581227341,,,,,
2.43108,7.266211476,39.73297321,0.104909964,0.581227341,,,,,
2.4312,7.266211476,39.73297321,0.104909964,0.581227341,,,,,
2.43132,7.26619427,39.73298988,0.10489209,0.581127963,,,,,
2.43144,7.26619427,39.73298988,0.10489209,0.581127963,,,,,
2.43156,7.26619427,39.73298988,0.10489209,0.581127963,,,,,
2.43168,7.26619427,39.73298988,0.10489209,0.581127963,,,,,
2.4318,7.26619427,39.73298988,0.10489209,0.581127963,,,,,
2.43192,7.26619427,39.73298988,0.10489209,0.581127963,,,,,
2.43204,7.26619427,39.73298988,0.10489209,0.581127963,,,,,
2.43216,7.26619427,39.73298988,0.10489209,0.581127963,,,,,
2.43228,7.26619427,39.73298988,0.10489209,0.581127963,,,,,
2.4324,7.266123507,39.73300674,0.104875813,0.581038099,,,,,
2.43252,7.266123507,39.73300674,0.104875813,0.581038099,,,,,
2.43264,7.266123507,39.73300674,0.104875813,0.581038099,,,,,
2.43276,7.266123507,39.73300674,0.104875813,0.581038099,,,,,
2.43288,7.266123507,39.73300674,0.104875813,0.581038099,,,,,
2.433,7.266123507,39.73300674,0.104875813,0.581038099,,,,,
2.43312,7.266123507,39.73300674,0.104875813,0.581038099,,,,,
2.43324,7.266123507,39.73300674,0.104875813,0.581038099,,,,,
2.43336,7.265998656,39.73300918,0.104875136,0.581034977,,,,,
2.43348,7.265998656,39.73300918,0.104875136,0.581034977,,,,,
2.4336,7.265998656,39.73300918,0.104875136,0.581034977,,,,,
2.43372,7.265998656,39.73300918,0.104875136,0.581034977,,,,,
2.43384,7.265998656,39.73300918,0.104875136,0.581034977,,,,,
2.43396,7.265998656,39.73300918,0.104875136,0.581034977,,,,,
2.43408,7.265998656,39.73300918,0.104875136,0.581034977,,,,,
2.4342,7.265998656,39.73300918,0.104875136,0.581034977,,,,,
2.43432,7.265998656,39.73300918,0.104875136,0.581034977,,,,,
2.43444,7.266039527,39.73300122,0.104885306,0.581092041,,,,,
2.43456,7.266039527,39.73300122,0.104885306,0.581092041,,,,,
2.43468,7.266039527,39.73300122,0.104885306,0.581092041,,,,,
2.4348,7.266039527,39.73300122,0.104885306,0.581092041,,,,,
2.43492,7.266039527,39.73300122,0.104885306,0.581092041,,,,,
2.43504,7.266039527,39.73300122,0.104885306,0.581092041,,,,,
2.43516,7.266039527,39.73300122,0.104885306,0.581092041,,,,,
2.43528,7.266039527,39.73300122,0.104885306,0.581092041,,,,,
2.4354,7.266039527,39.73300122,0.104885306,0.581092041,,,,,
2.43552,7.266084483,39.73298803,0.104901935,0.581185321,,,,,
2.43564,7.266084483,39.73298803,0.104901935,0.581185321,,,,,
2.43576,7.266084483,39.73298803,0.104901935,0.581185321,,,,,
2.43588,7.266084483,39.73298803,0.104901935,0.581185321,,,,,
2.436,7.266084483,39.73298803,0.104901935,0.581185321,,,,,
2.43612,7.266084483,39.73298803,0.104901935,0.581185321,,,,,
2.43624,7.266084483,39.73298803,0.104901935,0.581185321,,,,,
2.43636,7.266084483,39.73298803,0.104901935,0.581185321,,,,,
2.43648,7.265991576,39.73295528,0.104939923,0.58139744,,,,,
2.4366,7.265991576,39.73295528,0.104939923,0.58139744,,,,,
2.43672,7.265991576,39.73295528,0.104939923,0.58139744,,,,,
2.43684,7.265991576,39.73295528,0.104939923,0.58139744,,,,,
2.43696,7.265991576,39.73295528,0.104939923,0.58139744,,,,,
2.43708,7.265991576,39.73295528,0.104939923,0.58139744,,,,,
2.4372,7.265991576,39.73295528,0.104939923,0.58139744,,,,,
2.43732,7.265991576,39.73295528,0.104939923,0.58139744,,,,,
2.43744,7.265991576,39.73295528,0.104939923,0.58139744,,,,,
2.43756,7.266011735,39.73290103,0.104998276,0.581721812,,,,,
2.43768,7.266011735,39.73290103,0.104998276,0.581721812,,,,,
2.4378,7.266011735,39.73290103,0.104998276,0.581721812,,,,,
2.43792,7.266011735,39.73290103,0.104998276,0.581721812,,,,,
2.43804,7.266011735,39.73290103,0.104998276,0.581721812,,,,,
2.43816,7.266011735,39.73290103,0.104998276,0.581721812,,,,,
2.43828,7.266011735,39.73290103,0.104998276,0.581721812,,,,,
2.4384,7.266011735,39.73290103,0.104998276,0.581721812,,,,,
2.43852,7.266011735,39.73290103,0.104998276,0.581721812,,,,,
2.43864,7.266029151,39.7328407,0.105059513,0.582060977,,,,,
2.43876,7.266029151,39.7328407,0.105059513,0.582060977,,,,,
2.43888,7.266029151,39.7328407,0.105059513,0.582060977,,,,,
2.439,7.266029151,39.7328407,0.105059513,0.582060977,,,,,
2.43912,7.266029151,39.7328407,0.105059513,0.582060977,,,,,
2.43924,7.266029151,39.7328407,0.105059513,0.582060977,,,,,
2.43936,7.266029151,39.7328407,0.105059513,0.582060977,,,,,
2.43948,7.266029151,39.7328407,0.105059513,0.582060977,,,,,
2.4396,7.266154518,39.73278592,0.105112075,0.582350996,,,,,
2.43972,7.266154518,39.73278592,0.105112075,0.582350996,,,,,
2.43984,7.266154518,39.73278592,0.105112075,0.582350996,,,,,
2.43996,7.266154518,39.73278592,0.105112075,0.582350996,,,,,
2.44008,7.266154518,39.73278592,0.105112075,0.582350996,,,,,
2.4402,7.266154518,39.73278592,0.105112075,0.582350996,,,,,
2.44032,7.266154518,39.73278592,0.105112075,0.582350996,,,,,
2.44044,7.266154518,39.73278592,0.105112075,0.582350996,,,,,
2.44056,7.266154518,39.73278592,0.105112075,0.582350996,,,,,
2.44068,7.26634607,39.73275543,0.105138988,0.5824986,,,,,
2.4408,7.26634607,39.73275543,0.105138988,0.5824986,,,,,
2.44092,7.26634607,39.73275543,0.105138988,0.5824986,,,,,
2.44104,7.26634607,39.73275543,0.105138988,0.5824986,,,,,
2.44116,7.26634607,39.73275543,0.105138988,0.5824986,,,,,
2.44128,7.26634607,39.73275543,0.105138988,0.5824986,,,,,
2.4414,7.26634607,39.73275543,0.105138988,0.5824986,,,,,
2.44152,7.26634607,39.73275543,0.105138988,0.5824986,,,,,
2.44164,7.26634607,39.73275543,0.105138988,0.5824986,,,,,
2.44176,7.26646054,39.73274548,0.105145944,0.582536017,,,,,
2.44188,7.26646054,39.73274548,0.105145944,0.582536017,,,,,
2.442,7.26646054,39.73274548,0.105145944,0.582536017,,,,,
2.44212,7.26646054,39.73274548,0.105145944,0.582536017,,,,,
2.44224,7.26646054,39.73274548,0.105145944,0.582536017,,,,,
2.44236,7.26646054,39.73274548,0.105145944,0.582536017,,,,,
2.44248,7.26646054,39.73274548,0.105145944,0.582536017,,,,,
2.4426,7.26646054,39.73274548,0.105145944,0.582536017,,,,,
2.44272,7.266684995,39.73275326,0.105138091,0.582492563,,,,,
2.44284,7.266684995,39.73275326,0.105138091,0.582492563,,,,,
2.44296,7.266684995,39.73275326,0.105138091,0.582492563,,,,,
2.44308,7.266684995,39.73275326,0.105138091,0.582492563,,,,,
2.4432,7.266684995,39.73275326,0.105138091,0.582492563,,,,,
2.44332,7.266684995,39.73275326,0.105138091,0.582492563,,,,,
2.44344,7.266684995,39.73275326,0.105138091,0.582492563,,,,,
2.44356,7.266684995,39.73275326,0.105138091,0.582492563,,,,,
2.44368,7.266684995,39.73275326,0.105138091,0.582492563,,,,,
2.4438,7.266727706,39.73276123,0.105135485,0.582480134,,,,,
2.44392,7.266727706,39.73276123,0.105135485,0.582480134,,,,,
2.44404,7.266727706,39.73276123,0.105135485,0.582480134,,,,,
2.44416,7.266727706,39.73276123,0.105135485,0.582480134,,,,,
2.44428,7.266727706,39.73276123,0.105135485,0.582480134,,,,,
2.4444,7.266727706,39.73276123,0.105135485,0.582480134,,,,,
2.44452,7.266727706,39.73276123,0.105135485,0.582480134,,,,,
2.44464,7.266727706,39.73276123,0.105135485,0.582480134,,,,,
2.44476,7.266727706,39.73276123,0.105135485,0.582480134,,,,,
2.44488,7.26671409,39.7327423,0.105162118,0.582630295,,,,,
2.445,7.26671409,39.7327423,0.105162118,0.582630295,,,,,
2.44512,7.26671409,39.7327423,0.105162118,0.582630295,,,,,
2.44524,7.26671409,39.7327423,0.105162118,0.582630295,,,,,
2.44536,7.26671409,39.7327423,0.105162118,0.582630295,,,,,
2.44548,7.26671409,39.7327423,0.105162118,0.582630295,,,,,
2.4456,7.26671409,39.7327423,0.105162118,0.582630295,,,,,
2.44572,7.26671409,39.7327423,0.105162118,0.582630295,,,,,
2.44584,7.26676772,39.73270362,0.105206573,0.582878315,,,,,
2.44596,7.26676772,39.73270362,0.105206573,0.582878315,,,,,
2.44608,7.26676772,39.73270362,0.105206573,0.582878315,,,,,
2.4462,7.26676772,39.73270362,0.105206573,0.582878315,,,,,
2.44632,7.26676772,39.73270362,0.105206573,0.582878315,,,,,
2.44644,7.26676772,39.73270362,0.105206573,0.582878315,,,,,
2.44656,7.26676772,39.73270362,0.105206573,0.582878315,,,,,
2.44668,7.26676772,39.73270362,0.105206573,0.582878315,,,,,
2.4468,7.26676772,39.73270362,0.105206573,0.582878315,,,,,
2.44692,7.266753711,39.73265061,0.105262407,0.583188184,,,,,
2.44704,7.266753711,39.73265061,0.105262407,0.583188184,,,,,
2.44716,7.266753711,39.73265061,0.105262407,0.583188184,,,,,
2.44728,7.266753711,39.73265061,0.105262407,0.583188184,,,,,
2.4474,7.266753711,39.73265061,0.105262407,0.583188184,,,,,
2.44752,7.266753711,39.73265061,0.105262407,0.583188184,,,,,
2.44764,7.266753711,39.73265061,0.105262407,0.583188184,,,,,
2.44776,7.266753711,39.73265061,0.105262407,0.583188184,,,,,
2.44788,7.266753711,39.73265061,0.105262407,0.583188184,,,,,
2.448,7.266965706,39.73260115,0.105311167,0.58345763,,,,,
2.44812,7.266965706,39.73260115,0.105311167,0.58345763,,,,,
2.44824,7.266965706,39.73260115,0.105311167,0.58345763,,,,,
2.44836,7.266965706,39.73260115,0.105311167,0.58345763,,,,,
2.44848,7.266965706,39.73260115,0.105311167,0.58345763,,,,,
2.4486,7.266965706,39.73260115,0.105311167,0.58345763,,,,,
2.44872,7.266965706,39.73260115,0.105311167,0.58345763,,,,,
2.44884,7.266965706,39.73260115,0.105311167,0.58345763,,,,,
2.44896,7.267161569,39.73257583,0.105333917,0.583582504,,,,,
2.44908,7.267161569,39.73257583,0.105333917,0.583582504,,,,,
2.4492,7.267161569,39.73257583,0.105333917,0.583582504,,,,,
2.44932,7.267161569,39.73257583,0.105333917,0.583582504,,,,,
2.44944,7.267161569,39.73257583,0.105333917,0.583582504,,,,,
2.44956,7.267161569,39.73257583,0.105333917,0.583582504,,,,,
2.44968,7.267161569,39.73257583,0.105333917,0.583582504,,,,,
2.4498,7.267161569,39.73257583,0.105333917,0.583582504,,,,,
2.44992,7.267161569,39.73257583,0.105333917,0.583582504,,,,,
2.45004,7.267188423,39.73256671,0.105340202,0.583616202,,,,,
2.45016,7.267188423,39.73256671,0.105340202,0.583616202,,,,,
2.45028,7.267188423,39.73256671,0.105340202,0.583616202,,,,,
2.4504,7.267188423,39.73256671,0.105340202,0.583616202,,,,,
2.45052,7.267188423,39.73256671,0.105340202,0.583616202,,,,,
2.45064,7.267188423,39.73256671,0.105340202,0.583616202,,,,,
2.45076,7.267188423,39.73256671,0.105340202,0.583616202,,,,,
2.45088,7.267188423,39.73256671,0.105340202,0.583616202,,,,,
2.451,7.267188423,39.73256671,0.105340202,0.583616202,,,,,
2.45112,7.267297497,39.73257051,0.105333967,0.583580798,,,,,
2.45124,7.267297497,39.73257051,0.105333967,0.583580798,,,,,
2.45136,7.267297497,39.73257051,0.105333967,0.583580798,,,,,
2.45148,7.267297497,39.73257051,0.105333967,0.583580798,,,,,
2.4516,7.267297497,39.73257051,0.105333967,0.583580798,,,,,
2.45172,7.267297497,39.73257051,0.105333967,0.583580798,,,,,
2.45184,7.267297497,39.73257051,0.105333967,0.583580798,,,,,
2.45196,7.267297497,39.73257051,0.105333967,0.583580798,,,,,
2.45208,7.267297497,39.73257051,0.105333967,0.583580798,,,,,
2.4522,7.26738016,39.73258816,0.105315667,0.583479321,,,,,
2.45232,7.26738016,39.73258816,0.105315667,0.583479321,,,,,
2.45244,7.26738016,39.73258816,0.105315667,0.583479321,,,,,
2.45256,7.26738016,39.73258816,0.105315667,0.583479321,,,,,
2.45268,7.26738016,39.73258816,0.105315667,0.583479321,,,,,
2.4528,7.26738016,39.73258816,0.105315667,0.583479321,,,,,
2.45292,7.26738016,39.73258816,0.105315667,0.583479321,,,,,
2.45304,7.26738016,39.73258816,0.105315667,0.583479321,,,,,
2.45316,7.267387296,39.73260663,0.105298182,0.583382963,,,,,
2.45328,7.267387296,39.73260663,0.105298182,0.583382963,,,,,
2.4534,7.267387296,39.73260663,0.105298182,0.583382963,,,,,
2.45352,7.267387296,39.73260663,0.105298182,0.583382963,,,,,
2.45364,7.267387296,39.73260663,0.105298182,0.583382963,,,,,
2.45376,7.267387296,39.73260663,0.105298182,0.583382963,,,,,
2.45388,7.267387296,39.73260663,0.105298182,0.583382963,,,,,
2.454,7.267387296,39.73260663,0.105298182,0.583382963,,,,,
2.45412,7.267387296,39.73260663,0.105298182,0.583382963,,,,,
2.45424,7.26752206,39.73262734,0.105278518,0.583274602,,,,,
2.45436,7.26752206,39.73262734,0.105278518,0.583274602,,,,,
2.45448,7.26752206,39.73262734,0.105278518,0.583274602,,,,,
2.4546,7.26752206,39.73262734,0.105278518,0.583274602,,,,,
2.45472,7.26752206,39.73262734,0.105278518,0.583274602,,,,,
2.45484,7.26752206,39.73262734,0.105278518,0.583274602,,,,,
2.45496,7.26752206,39.73262734,0.105278518,0.583274602,,,,,
2.45508,7.26752206,39.73262734,0.105278518,0.583274602,,,,,
2.4552,7.26752206,39.73262734,0.105278518,0.583274602,,,,,
2.45532,7.267585531,39.73265452,0.10525263,0.583131898,,,,,
2.45544,7.267585531,39.73265452,0.10525263,0.583131898,,,,,
2.45556,7.267585531,39.73265452,0.10525263,0.583131898,,,,,
2.45568,7.267585531,39.73265452,0.10525263,0.583131898,,,,,
2.4558,7.267585531,39.73265452,0.10525263,0.583131898,,,,,
2.45592,7.267585531,39.73265452,0.10525263,0.583131898,,,,,
2.45604,7.267585531,39.73265452,0.10525263,0.583131898,,,,,
2.45616,7.267585531,39.73265452,0.10525263,0.583131898,,,,,
2.45628,7.267564263,39.73267777,0.105231009,0.583012918,,,,,
2.4564,7.267564263,39.73267777,0.105231009,0.583012918,,,,,
2.45652,7.267564263,39.73267777,0.105231009,0.583012918,,,,,
2.45664,7.267564263,39.73267777,0.105231009,0.583012918,,,,,
2.45676,7.267564263,39.73267777,0.105231009,0.583012918,,,,,
2.45688,7.267564263,39.73267777,0.105231009,0.583012918,,,,,
2.457,7.267564263,39.73267777,0.105231009,0.583012918,,,,,
2.45712,7.267564263,39.73267777,0.105231009,0.583012918,,,,,
2.45724,7.267564263,39.73267777,0.105231009,0.583012918,,,,,
2.45736,7.267492323,39.73269414,0.105216285,0.582932111,,,,,
2.45748,7.267492323,39.73269414,0.105216285,0.582932111,,,,,
2.4576,7.267492323,39.73269414,0.105216285,0.582932111,,,,,
2.45772,7.267492323,39.73269414,0.105216285,0.582932111,,,,,
2.45784,7.267492323,39.73269414,0.105216285,0.582932111,,,,,
2.45796,7.267492323,39.73269414,0.105216285,0.582932111,,,,,
2.45808,7.267492323,39.73269414,0.105216285,0.582932111,,,,,
2.4582,7.267492323,39.73269414,0.105216285,0.582932111,,,,,
2.45832,7.267492323,39.73269414,0.105216285,0.582932111,,,,,
2.45844,7.267252121,39.7326932,0.105218295,0.582943657,,,,,
2.45856,7.267252121,39.7326932,0.105218295,0.582943657,,,,,
2.45868,7.267252121,39.7326932,0.105218295,0.582943657,,,,,
2.4588,7.267252121,39.7326932,0.105218295,0.582943657,,,,,
2.45892,7.267252121,39.7326932,0.105218295,0.582943657,,,,,
2.45904,7.267252121,39.7326932,0.105218295,0.582943657,,,,,
2.45916,7.267252121,39.7326932,0.105218295,0.582943657,,,,,
2.45928,7.267252121,39.7326932,0.105218295,0.582943657,,,,,
2.4594,7.26719469,39.73267935,0.105231258,0.583015057,,,,,
2.45952,7.26719469,39.73267935,0.105231258,0.583015057,,,,,
2.45964,7.26719469,39.73267935,0.105231258,0.583015057,,,,,
2.45976,7.26719469,39.73267935,0.105231258,0.583015057,,,,,
2.45988,7.26719469,39.73267935,0.105231258,0.583015057,,,,,
2.46,7.26719469,39.73267935,0.105231258,0.583015057,,,,,
2.46012,7.26719469,39.73267935,0.105231258,0.583015057,,,,,
2.46024,7.26719469,39.73267935,0.105231258,0.583015057,,,,,
2.46036,7.26719469,39.73267935,0.105231258,0.583015057,,,,,
2.46048,7.267294253,39.73267457,0.105233868,0.583028705,,,,,
2.4606,7.267294253,39.73267457,0.105233868,0.583028705,,,,,
2.46072,7.267294253,39.73267457,0.105233868,0.583028705,,,,,
2.46084,7.267294253,39.73267457,0.105233868,0.583028705,,,,,
2.46096,7.267294253,39.73267457,0.105233868,0.583028705,,,,,
2.46108,7.267294253,39.73267457,0.105233868,0.583028705,,,,,
2.4612,7.267294253,39.73267457,0.105233868,0.583028705,,,,,
2.46132,7.267294253,39.73267457,0.105233868,0.583028705,,,,,
2.46144,7.267294253,39.73267457,0.105233868,0.583028705,,,,,
2.46156,7.267515174,39.73269107,0.10521383,0.582916544,,,,,
2.46168,7.267515174,39.73269107,0.10521383,0.582916544,,,,,
2.4618,7.267515174,39.73269107,0.10521383,0.582916544,,,,,
2.46192,7.267515174,39.73269107,0.10521383,0.582916544,,,,,
2.46204,7.267515174,39.73269107,0.10521383,0.582916544,,,,,
2.46216,7.267515174,39.73269107,0.10521383,0.582916544,,,,,
2.46228,7.267515174,39.73269107,0.10521383,0.582916544,,,,,
2.4624,7.267515174,39.73269107,0.10521383,0.582916544,,,,,
2.46252,7.267748396,39.73274355,0.105157341,0.582602521,,,,,
2.46264,7.267748396,39.73274355,0.105157341,0.582602521,,,,,
2.46276,7.267748396,39.73274355,0.105157341,0.582602521,,,,,
2.46288,7.267748396,39.73274355,0.105157341,0.582602521,,,,,
2.463,7.267748396,39.73274355,0.105157341,0.582602521,,,,,
2.46312,7.267748396,39.73274355,0.105157341,0.582602521,,,,,
2.46324,7.267748396,39.73274355,0.105157341,0.582602521,,,,,
2.46336,7.267748396,39.73274355,0.105157341,0.582602521,,,,,
2.46348,7.267748396,39.73274355,0.105157341,0.582602521,,,,,
2.4636,7.267633961,39.7328099,0.105089823,0.582228532,,,,,
2.46372,7.267633961,39.7328099,0.105089823,0.582228532,,,,,
2.46384,7.267633961,39.7328099,0.105089823,0.582228532,,,,,
2.46396,7.267633961,39.7328099,0.105089823,0.582228532,,,,,
2.46408,7.267633961,39.7328099,0.105089823,0.582228532,,,,,
2.4642,7.267633961,39.7328099,0.105089823,0.582228532,,,,,
2.46432,7.267633961,39.7328099,0.105089823,0.582228532,,,,,
2.46444,7.267633961,39.7328099,0.105089823,0.582228532,,,,,
2.46456,7.267633961,39.7328099,0.105089823,0.582228532,,,,,
2.46468,7.267508759,39.73286451,0.105036874,0.581936171,,,,,
2.4648,7.267508759,39.73286451,0.105036874,0.581936171,,,,,
2.46492,7.267508759,39.73286451,0.105036874,0.581936171,,,,,
2.46504,7.267508759,39.73286451,0.105036874,0.581936171,,,,,
2.46516,7.267508759,39.73286451,0.105036874,0.581936171,,,,,
2.46528,7.267508759,39.73286451,0.105036874,0.581936171,,,,,
2.4654,7.267508759,39.73286451,0.105036874,0.581936171,,,,,
2.46552,7.267508759,39.73286451,0.105036874,0.581936171,,,,,
2.46564,7.26734026,39.73290135,0.105003589,0.581753296,,,,,
2.46576,7.26734026,39.73290135,0.105003589,0.581753296,,,,,
2.46588,7.26734026,39.73290135,0.105003589,0.581753296,,,,,
2.466,7.26734026,39.73290135,0.105003589,0.581753296,,,,,
2.46612,7.26734026,39.73290135,0.105003589,0.581753296,,,,,
2.46624,7.26734026,39.73290135,0.105003589,0.581753296,,,,,
2.46636,7.26734026,39.73290135,0.105003589,0.581753296,,,,,
2.46648,7.26734026,39.73290135,0.105003589,0.581753296,,,,,
2.4666,7.26734026,39.73290135,0.105003589,0.581753296,,,,,
2.46672,7.266989199,39.73290528,0.105003429,0.581753764,,,,,
2.46684,7.266989199,39.73290528,0.105003429,0.581753764,,,,,
2.46696,7.266989199,39.73290528,0.105003429,0.581753764,,,,,
2.46708,7.266989199,39.73290528,0.105003429,0.581753764,,,,,
2.4672,7.266989199,39.73290528,0.105003429,0.581753764,,,,,
2.46732,7.266989199,39.73290528,0.105003429,0.581753764,,,,,
2.46744,7.266989199,39.73290528,0.105003429,0.581753764,,,,,
2.46756,7.266989199,39.73290528,0.105003429,0.581753764,,,,,
2.46768,7.266989199,39.73290528,0.105003429,0.581753764,,,,,
2.4678,7.266820047,39.73287876,0.105031022,0.581906782,,,,,
2.46792,7.266820047,39.73287876,0.105031022,0.581906782,,,,,
2.46804,7.266820047,39.73287876,0.105031022,0.581906782,,,,,
2.46816,7.266820047,39.73287876,0.105031022,0.581906782,,,,,
2.46828,7.266820047,39.73287876,0.105031022,0.581906782,,,,,
2.4684,7.266820047,39.73287876,0.105031022,0.581906782,,,,,
2.46852,7.266820047,39.73287876,0.105031022,0.581906782,,,,,
2.46864,7.266820047,39.73287876,0.105031022,0.581906782,,,,,
2.46876,7.266933044,39.7328545,0.105053498,0.582030469,,,,,
2.46888,7.266933044,39.7328545,0.105053498,0.582030469,,,,,
2.469,7.266933044,39.7328545,0.105053498,0.582030469,,,,,
2.46912,7.266933044,39.7328545,0.105053498,0.582030469,,,,,
2.46924,7.266933044,39.7328545,0.105053498,0.582030469,,,,,
2.46936,7.266933044,39.7328545,0.105053498,0.582030469,,,,,
2.46948,7.266933044,39.7328545,0.105053498,0.582030469,,,,,
2.4696,7.266933044,39.7328545,0.105053498,0.582030469,,,,,
2.46972,7.266933044,39.7328545,0.105053498,0.582030469,,,,,
2.46984,7.267016604,39.73284592,0.105059603,0.582063356,,,,,
2.46996,7.267016604,39.73284592,0.105059603,0.582063356,,,,,
2.47008,7.267016604,39.73284592,0.105059603,0.582063356,,,,,
2.4702,7.267016604,39.73284592,0.105059603,0.582063356,,,,,
2.47032,7.267016604,39.73284592,0.105059603,0.582063356,,,,,
2.47044,7.267016604,39.73284592,0.105059603,0.582063356,,,,,
2.47056,7.267016604,39.73284592,0.105059603,0.582063356,,,,,
2.47068,7.267016604,39.73284592,0.105059603,0.582063356,,,,,
2.4708,7.267016604,39.73284592,0.105059603,0.582063356,,,,,
2.47092,7.267114378,39.73285215,0.105050895,0.582014307,,,,,
2.47104,7.267114378,39.73285215,0.105050895,0.582014307,,,,,
2.47116,7.267114378,39.73285215,0.105050895,0.582014307,,,,,
2.47128,7.267114378,39.73285215,0.105050895,0.582014307,,,,,
2.4714,7.267114378,39.73285215,0.105050895,0.582014307,,,,,
2.47152,7.267114378,39.73285215,0.105050895,0.582014307,,,,,
2.47164,7.267114378,39.73285215,0.105050895,0.582014307,,,,,
2.47176,7.267114378,39.73285215,0.105050895,0.582014307,,,,,
2.47188,7.267125939,39.73287084,0.105030673,0.581901913,,,,,
2.472,7.267125939,39.73287084,0.105030673,0.581901913,,,,,
2.47212,7.267125939,39.73287084,0.105030673,0.581901913,,,,,
2.47224,7.267125939,39.73287084,0.105030673,0.581901913,,,,,
2.47236,7.267125939,39.73287084,0.105030673,0.581901913,,,,,
2.47248,7.267125939,39.73287084,0.105030673,0.581901913,,,,,
2.4726,7.267125939,39.73287084,0.105030673,0.581901913,,,,,
2.47272,7.267125939,39.73287084,0.105030673,0.581901913,,,,,
2.47284,7.267125939,39.73287084,0.105030673,0.581901913,,,,,
2.47296,7.267060849,39.73288866,0.10501265,0.581802185,,,,,
2.47308,7.267060849,39.73288866,0.10501265,0.581802185,,,,,
2.4732,7.267060849,39.73288866,0.10501265,0.581802185,,,,,
2.47332,7.267060849,39.73288866,0.10501265,0.581802185,,,,,
2.47344,7.267060849,39.73288866,0.10501265,0.581802185,,,,,
2.47356,7.267060849,39.73288866,0.10501265,0.581802185,,,,,
2.47368,7.267060849,39.73288866,0.10501265,0.581802185,,,,,
2.4738,7.267060849,39.73288866,0.10501265,0.581802185,,,,,
2.47392,7.267060849,39.73288866,0.10501265,0.581802185,,,,,
2.47404,7.267035645,39.73290264,0.10499957,0.581730202,,,,,
2.47416,7.267035645,39.73290264,0.10499957,0.581730202,,,,,
2.47428,7.267035645,39.73290264,0.10499957,0.581730202,,,,,
2.4744,7.267035645,39.73290264,0.10499957,0.581730202,,,,,
2.47452,7.267035645,39.73290264,0.10499957,0.581730202,,,,,
2.47464,7.267035645,39.73290264,0.10499957,0.581730202,,,,,
2.47476,7.267035645,39.73290264,0.10499957,0.581730202,,,,,
2.47488,7.267035645,39.73290264,0.10499957,0.581730202,,,,,
2.475,7.266866589,39.73290427,0.104999846,0.581732463,,,,,
2.47512,7.266866589,39.73290427,0.104999846,0.581732463,,,,,
2.47524,7.266866589,39.73290427,0.104999846,0.581732463,,,,,
2.47536,7.266866589,39.73290427,0.104999846,0.581732463,,,,,
2.47548,7.266866589,39.73290427,0.104999846,0.581732463,,,,,
2.4756,7.266866589,39.73290427,0.104999846,0.581732463,,,,,
2.47572,7.266866589,39.73290427,0.104999846,0.581732463,,,,,
2.47584,7.266866589,39.73290427,0.104999846,0.581732463,,,,,
2.47596,7.266866589,39.73290427,0.104999846,0.581732463,,,,,
2.47608,7.266804201,39.73288725,0.105019068,0.58183963,,,,,
2.4762,7.266804201,39.73288725,0.105019068,0.58183963,,,,,
2.47632,7.266804201,39.73288725,0.105019068,0.58183963,,,,,
2.47644,7.266804201,39.73288725,0.105019068,0.58183963,,,,,
2.47656,7.266804201,39.73288725,0.105019068,0.58183963,,,,,
2.47668,7.266804201,39.73288725,0.105019068,0.58183963,,,,,
2.4768,7.266804201,39.73288725,0.105019068,0.58183963,,,,,
2.47692,7.266804201,39.73288725,0.105019068,0.58183963,,,,,
2.47704,7.266804201,39.73288725,0.105019068,0.58183963,,,,,
2.47716,7.266888438,39.73286206,0.105047741,0.581999537,,,,,
2.47728,7.266888438,39.73286206,0.105047741,0.581999537,,,,,
2.4774,7.266888438,39.73286206,0.105047741,0.581999537,,,,,
2.47752,7.266888438,39.73286206,0.105047741,0.581999537,,,,,
2.47764,7.266888438,39.73286206,0.105047741,0.581999537,,,,,
2.47776,7.266888438,39.73286206,0.105047741,0.581999537,,,,,
2.47788,7.266888438,39.73286206,0.105047741,0.581999537,,,,,
2.478,7.266888438,39.73286206,0.105047741,0.581999537,,,,,
2.47812,7.266888438,39.73286206,0.105047741,0.581999537,,,,,
2.47824,7.26694992,39.73282762,0.105086173,0.582213593,,,,,
2.47836,7.26694992,39.73282762,0.105086173,0.582213593,,,,,
2.47848,7.26694992,39.73282762,0.105086173,0.582213593,,,,,
2.4786,7.26694992,39.73282762,0.105086173,0.582213593,,,,,
2.47872,7.26694992,39.73282762,0.105086173,0.582213593,,,,,
2.47884,7.26694992,39.73282762,0.105086173,0.582213593,,,,,
2.47896,7.26694992,39.73282762,0.105086173,0.582213593,,,,,
2.47908,7.26694992,39.73282762,0.105086173,0.582213593,,,,,
2.4792,7.266979292,39.7327865,0.105129439,0.582453709,,,,,
2.47932,7.266979292,39.7327865,0.105129439,0.582453709,,,,,
2.47944,7.266979292,39.7327865,0.105129439,0.582453709,,,,,
2.47956,7.266979292,39.7327865,0.105129439,0.582453709,,,,,
2.47968,7.266979292,39.7327865,0.105129439,0.582453709,,,,,
2.4798,7.266979292,39.7327865,0.105129439,0.582453709,,,,,
2.47992,7.266979292,39.7327865,0.105129439,0.582453709,,,,,
2.48004,7.266979292,39.7327865,0.105129439,0.582453709,,,,,
2.48016,7.266979292,39.7327865,0.105129439,0.582453709,,,,,
2.48028,7.267001111,39.73274168,0.105174432,0.58270264,,,,,
2.4804,7.267001111,39.73274168,0.105174432,0.58270264,,,,,
2.48052,7.267001111,39.73274168,0.105174432,0.58270264,,,,,
2.48064,7.267001111,39.73274168,0.105174432,0.58270264,,,,,
2.48076,7.267001111,39.73274168,0.105174432,0.58270264,,,,,
2.48088,7.267001111,39.73274168,0.105174432,0.58270264,,,,,
2.481,7.267001111,39.73274168,0.105174432,0.58270264,,,,,
2.48112,7.267001111,39.73274168,0.105174432,0.58270264,,,,,
2.48124,7.267001111,39.73274168,0.105174432,0.58270264,,,,,
2.48136,7.267167133,39.7327061,0.105208438,0.58289015,,,,,
2.48148,7.267167133,39.7327061,0.105208438,0.58289015,,,,,
2.4816,7.267167133,39.7327061,0.105208438,0.58289015,,,,,
2.48172,7.267167133,39.7327061,0.105208438,0.58289015,,,,,
2.48184,7.267167133,39.7327061,0.105208438,0.58289015,,,,,
2.48196,7.267167133,39.7327061,0.105208438,0.58289015,,,,,
2.48208,7.267167133,39.7327061,0.105208438,0.58289015,,,,,
2.4822,7.267167133,39.7327061,0.105208438,0.58289015,,,,,
2.48232,7.267367328,39.73269179,0.105220527,0.582956178,,,,,
2.48244,7.267367328,39.73269179,0.105220527,0.582956178,,,,,
2.48256,7.267367328,39.73269179,0.105220527,0.582956178,,,,,
2.48268,7.267367328,39.73269179,0.105220527,0.582956178,,,,,
2.4828,7.267367328,39.73269179,0.105220527,0.582956178,,,,,
2.48292,7.267367328,39.73269179,0.105220527,0.582956178,,,,,
2.48304,7.267367328,39.73269179,0.105220527,0.582956178,,,,,
2.48316,7.267367328,39.73269179,0.105220527,0.582956178,,,,,
2.48328,7.267367328,39.73269179,0.105220527,0.582956178,,,,,
2.4834,7.267394266,39.73269253,0.105218528,0.582944632,,,,,
2.48352,7.267394266,39.73269253,0.105218528,0.582944632,,,,,
2.48364,7.267394266,39.73269253,0.105218528,0.582944632,,,,,
2.48376,7.267394266,39.73269253,0.105218528,0.582944632,,,,,
2.48388,7.267394266,39.73269253,0.105218528,0.582944632,,,,,
2.484,7.267394266,39.73269253,0.105218528,0.582944632,,,,,
2.48412,7.267394266,39.73269253,0.105218528,0.582944632,,,,,
2.48424,7.267394266,39.73269253,0.105218528,0.582944632,,,,,
2.48436,7.267394266,39.73269253,0.105218528,0.582944632,,,,,
2.48448,7.267382707,39.73269235,0.105218931,0.582946921,,,,,
2.4846,7.267382707,39.73269235,0.105218931,0.582946921,,,,,
2.48472,7.267382707,39.73269235,0.105218931,0.582946921,,,,,
2.48484,7.267382707,39.73269235,0.105218931,0.582946921,,,,,
2.48496,7.267382707,39.73269235,0.105218931,0.582946921,,,,,
2.48508,7.267382707,39.73269235,0.105218931,0.582946921,,,,,
2.4852,7.267382707,39.73269235,0.105218931,0.582946921,,,,,
2.48532,7.267382707,39.73269235,0.105218931,0.582946921,,,,,
2.48544,7.267462963,39.73269032,0.105223564,0.582973505,,,,,
2.48556,7.267462963,39.73269032,0.105223564,0.582973505,,,,,
2.48568,7.267462963,39.73269032,0.105223564,0.582973505,,,,,
2.4858,7.267462963,39.73269032,0.105223564,0.582973505,,,,,
2.48592,7.267462963,39.73269032,0.105223564,0.582973505,,,,,
2.48604,7.267462963,39.73269032,0.105223564,0.582973505,,,,,
2.48616,7.267462963,39.73269032,0.105223564,0.582973505,,,,,
2.48628,7.267462963,39.73269032,0.105223564,0.582973505,,,,,
2.4864,7.267462963,39.73269032,0.105223564,0.582973505,,,,,
2.48652,7.267411876,39.73267459,0.105244346,0.583090326,,,,,
2.48664,7.267411876,39.73267459,0.105244346,0.583090326,,,,,
2.48676,7.267411876,39.73267459,0.105244346,0.583090326,,,,,
2.48688,7.267411876,39.73267459,0.105244346,0.583090326,,,,,
2.487,7.267411876,39.73267459,0.105244346,0.583090326,,,,,
2.48712,7.267411876,39.73267459,0.105244346,0.583090326,,,,,
2.48724,7.267411876,39.73267459,0.105244346,0.583090326,,,,,
2.48736,7.267411876,39.73267459,0.105244346,0.583090326,,,,,
2.48748,7.267411876,39.73267459,0.105244346,0.583090326,,,,,
2.4876,7.2674051,39.73263811,0.10528504,0.583317012,,,,,
2.48772,7.2674051,39.73263811,0.10528504,0.583317012,,,,,
2.48784,7.2674051,39.73263811,0.10528504,0.583317012,,,,,
2.48796,7.2674051,39.73263811,0.10528504,0.583317012,,,,,
2.48808,7.2674051,39.73263811,0.10528504,0.583317012,,,,,
2.4882,7.2674051,39.73263811,0.10528504,0.583317012,,,,,
2.48832,7.2674051,39.73263811,0.10528504,0.583317012,,,,,
2.48844,7.2674051,39.73263811,0.10528504,0.583317012,,,,,
2.48856,7.267548227,39.73259796,0.105326722,0.583548203,,,,,
2.48868,7.267548227,39.73259796,0.105326722,0.583548203,,,,,
2.4888,7.267548227,39.73259796,0.105326722,0.583548203,,,,,
2.48892,7.267548227,39.73259796,0.105326722,0.583548203,,,,,
2.48904,7.267548227,39.73259796,0.105326722,0.583548203,,,,,
2.48916,7.267548227,39.73259796,0.105326722,0.583548203,,,,,
2.48928,7.267548227,39.73259796,0.105326722,0.583548203,,,,,
2.4894,7.267548227,39.73259796,0.105326722,0.583548203,,,,,
2.48952,7.267548227,39.73259796,0.105326722,0.583548203,,,,,
2.48964,7.267702174,39.73256828,0.105355816,0.58370899,,,,,
2.48976,7.267702174,39.73256828,0.105355816,0.58370899,,,,,
2.48988,7.267702174,39.73256828,0.105355816,0.58370899,,,,,
2.49,7.267702174,39.73256828,0.105355816,0.58370899,,,,,
2.49012,7.267702174,39.73256828,0.105355816,0.58370899,,,,,
2.49024,7.267702174,39.73256828,0.105355816,0.58370899,,,,,
2.49036,7.267702174,39.73256828,0.105355816,0.58370899,,,,,
2.49048,7.267702174,39.73256828,0.105355816,0.58370899,,,,,
2.4906,7.267702174,39.73256828,0.105355816,0.58370899,,,,,
2.49072,7.2678744,39.73255577,0.105366309,0.583766349,,,,,
2.49084,7.2678744,39.73255577,0.105366309,0.583766349,,,,,
2.49096,7.2678744,39.73255577,0.105366309,0.583766349,,,,,
2.49108,7.2678744,39.73255577,0.105366309,0.583766349,,,,,
2.4912,7.2678744,39.73255577,0.105366309,0.583766349,,,,,
2.49132,7.2678744,39.73255577,0.105366309,0.583766349,,,,,
2.49144,7.2678744,39.73255577,0.105366309,0.583766349,,,,,
2.49156,7.2678744,39.73255577,0.105366309,0.583766349,,,,,
2.49168,7.267901737,39.73255933,0.105360687,0.583734533,,,,,
2.4918,7.267901737,39.73255933,0.105360687,0.583734533,,,,,
2.49192,7.267901737,39.73255933,0.105360687,0.583734533,,,,,
2.49204,7.267901737,39.73255933,0.105360687,0.583734533,,,,,
2.49216,7.267901737,39.73255933,0.105360687,0.583734533,,,,,
2.49228,7.267901737,39.73255933,0.105360687,0.583734533,,,,,
2.4924,7.267901737,39.73255933,0.105360687,0.583734533,,,,,
2.49252,7.267901737,39.73255933,0.105360687,0.583734533,,,,,
2.49264,7.267901737,39.73255933,0.105360687,0.583734533,,,,,
2.49276,7.267863504,39.73256551,0.105353269,0.583693064,,,,,
2.49288,7.267863504,39.73256551,0.105353269,0.583693064,,,,,
2.493,7.267863504,39.73256551,0.105353269,0.583693064,,,,,
2.49312,7.267863504,39.73256551,0.105353269,0.583693064,,,,,
2.49324,7.267863504,39.73256551,0.105353269,0.583693064,,,,,
2.49336,7.267863504,39.73256551,0.105353269,0.583693064,,,,,
2.49348,7.267863504,39.73256551,0.105353269,0.583693064,,,,,
2.4936,7.267863504,39.73256551,0.105353269,0.583693064,,,,,
2.49372,7.267863504,39.73256551,0.105353269,0.583693064,,,,,
2.49384,7.267942781,39.73257456,0.105344719,0.583645942,,,,,
2.49396,7.267942781,39.73257456,0.105344719,0.583645942,,,,,
2.49408,7.267942781,39.73257456,0.105344719,0.583645942,,,,,
2.4942,7.267942781,39.73257456,0.105344719,0.583645942,,,,,
2.49432,7.267942781,39.73257456,0.105344719,0.583645942,,,,,
2.49444,7.267942781,39.73257456,0.105344719,0.583645942,,,,,
2.49456,7.267942781,39.73257456,0.105344719,0.583645942,,,,,
2.49468,7.267942781,39.73257456,0.105344719,0.583645942,,,,,
2.4948,7.268049297,39.73258595,0.105335061,0.583593129,,,,,
2.49492,7.268049297,39.73258595,0.105335061,0.583593129,,,,,
2.49504,7.268049297,39.73258595,0.105335061,0.583593129,,,,,
2.49516,7.268049297,39.73258595,0.105335061,0.583593129,,,,,
2.49528,7.268049297,39.73258595,0.105335061,0.583593129,,,,,
2.4954,7.268049297,39.73258595,0.105335061,0.583593129,,,,,
2.49552,7.268049297,39.73258595,0.105335061,0.583593129,,,,,
2.49564,7.268049297,39.73258595,0.105335061,0.583593129,,,,,
2.49576,7.268049297,39.73258595,0.105335061,0.583593129,,,,,
2.49588,7.268125605,39.73260135,0.105320883,0.583515108,,,,,
2.496,7.268125605,39.73260135,0.105320883,0.583515108,,,,,
2.49612,7.268125605,39.73260135,0.105320883,0.583515108,,,,,
2.49624,7.268125605,39.73260135,0.105320883,0.583515108,,,,,
2.49636,7.268125605,39.73260135,0.105320883,0.583515108,,,,,
2.49648,7.268125605,39.73260135,0.105320883,0.583515108,,,,,
2.4966,7.268125605,39.73260135,0.105320883,0.583515108,,,,,
2.49672,7.268125605,39.73260135,0.105320883,0.583515108,,,,,
2.49684,7.268125605,39.73260135,0.105320883,0.583515108,,,,,
2.49696,7.268132307,39.7326156,0.105307857,0.583443439,,,,,
2.49708,7.268132307,39.7326156,0.105307857,0.583443439,,,,,
2.4972,7.268132307,39.7326156,0.105307857,0.583443439,,,,,
2.49732,7.268132307,39.7326156,0.105307857,0.583443439,,,,,
2.49744,7.268132307,39.7326156,0.105307857,0.583443439,,,,,
2.49756,7.268132307,39.7326156,0.105307857,0.583443439,,,,,
2.49768,7.268132307,39.7326156,0.105307857,0.583443439,,,,,
2.4978,7.268132307,39.7326156,0.105307857,0.583443439,,,,,
2.49792,7.268168773,39.73262814,0.105296623,0.583381722,,,,,
2.49804,7.268168773,39.73262814,0.105296623,0.583381722,,,,,
2.49816,7.268168773,39.73262814,0.105296623,0.583381722,,,,,
2.49828,7.268168773,39.73262814,0.105296623,0.583381722,,,,,
2.4984,7.268168773,39.73262814,0.105296623,0.583381722,,,,,
2.49852,7.268168773,39.73262814,0.105296623,0.583381722,,,,,
2.49864,7.268168773,39.73262814,0.105296623,0.583381722,,,,,
2.49876,7.268168773,39.73262814,0.105296623,0.583381722,,,,,
2.49888,7.268168773,39.73262814,0.105296623,0.583381722,,,,,
2.499,7.268173317,39.732639,0.105286702,0.583327135,,,,,
2.49912,7.268173317,39.732639,0.105286702,0.583327135,,,,,
2.49924,7.268173317,39.732639,0.105286702,0.583327135,,,,,
2.49936,7.268173317,39.732639,0.105286702,0.583327135,,,,,
2.49948,7.268173317,39.732639,0.105286702,0.583327135,,,,,
2.4996,7.268173317,39.732639,0.105286702,0.583327135,,,,,
2.49972,7.268173317,39.732639,0.105286702,0.583327135,,,,,
2.49984,7.268173317,39.732639,0.105286702,0.583327135,,,,,
2.49996,7.268173317,39.732639,0.105286702,0.583327135,,,,,
2.5000005,7.26805345,39.73264564,0.105280289,0.583291703,,,,,
 , , , , ,,,,,
